[[[9.31296825e-07 1.85202157e-06]
  [1.01219541e-06 2.09099562e-06]
  [1.09187397e-06 2.27880810e-06]
  ...
  [5.67141950e-01 8.04781541e-02]
  [4.66580182e-01 4.26894873e-02]
  [3.58467877e-01 1.84995979e-02]]

 [[1.12027499e-06 1.66345944e-06]
  [1.22410620e-06 1.81498615e-06]
  [1.33051105e-06 1.93389701e-06]
  ...
  [5.74247181e-01 5.93950972e-02]
  [4.87020165e-01 3.59792225e-02]
  [3.88474613e-01 2.50937678e-02]]

 [[1.01042724e-06 1.00434136e-06]
  [1.12636269e-06 1.03493710e-06]
  [1.23172663e-06 1.02110721e-06]
  ...
  [6.30573750e-01 1.09851085e-01]
  [5.54799378e-01 1.01447992e-01]
  [4.58805054e-01 9.68212411e-02]]

 ...

 [[6.68198627e-15 3.89443329e-16]
  [2.19864702e-15 5.59385455e-17]
  [2.60166932e-15 4.76123467e-16]
  ...
  [6.64980088e-14 1.59241279e-14]
  [4.47730062e-14 2.01542596e-14]
  [4.37105000e-15 3.17958296e-15]]

 [[6.68198627e-15 3.89443329e-16]
  [2.19864702e-15 5.59385455e-17]
  [2.60166932e-15 4.76123467e-16]
  ...
  [6.64980088e-14 1.59241279e-14]
  [4.47730062e-14 2.01542596e-14]
  [4.37105000e-15 3.17958296e-15]]

 [[6.68198627e-15 3.89443329e-16]
  [2.19864702e-15 5.59385455e-17]
  [2.60166932e-15 4.76123467e-16]
  ...
  [6.64980088e-14 1.59241279e-14]
  [4.47730062e-14 2.01542596e-14]
  [4.37105000e-15 3.17958296e-15]]]
