0


0.02


0.059488


0.0151537


0.007128999


0.0315634


0.0290076


0.0288806


0.0621988


0.01707989


0.02316931


0.033896


0.0458571


0.01988801


0.02475157


0.04350013


0.03051898


0.0334284


0.03066534


0.03217208


0.0333147


0.0315935


0.03207159


0.05348527


0.02935213


0.0319187


0.03128827


0.03263879


0.03631091


0.02698791


0.01600569


0.04818332


0.03139436


0.05007839


0.03543198


0.0274533


0.03125656


0.03153133


0.03228188


0.03342962


0.03177154


0.04777384


0.03310907


0.03045392


0.03018725


0.0331651


0.03900301


0.02502894


0.03258288


0.02949226


0.0300951


0.03317678


0.03086197


0.0355835


0.02896297


0.03466702


0.03065324


0.04711318


0.03384948


0.0311482


0.03339863


0.03193069


0.03165841


0.03267503


0.03005457


0.03227687


0.03228545


0.04864669


0.03176546


0.03319693


0.03034735


0.0493753


0.03223634


0.03180456


0.03195381


0.03191257


0.03123236


0.02961993


0.03513098


0.03087306


0.02961206


0.0346303


0.03281093


0.03282166


0.03048325


0.03159046


0.03128386


0.03181958


0.03244591


0.03586602


0.04406238


0.0315094


0.03272748


0.03001928


0.03446126


0.03301525


0.03091931


0.03201675


0.03026199


0.03314877


0.03321505


0.03682899


0.02453351


0.04849768


0.03422618


0.03463769


0.0319376


0.02893925


0.03422284


0.03265262


0.03049946


0.03332901


0.03102732


0.03647637


0.02718735


0.04874849


0.03018665


0.03303242


0.03348756


0.03244424


0.03098202


0.03209114


0.03247023


0.03121138


0.02858877


0.03251934


0.03106928


0.03163528


0.04951429


0.03208494


0.03419399


0.03322363


0.02712345


0.03509426


0.03060675


0.04907417


0.03248596


0.02959871


0.0342021


0.03173733


0.03087044


0.03279781


0.03246355


0.0288372


0.03419399


0.03278399


0.03014088


0.03253794


0.03147125


0.05266285


0.03061104


0.02964258


0.0164814


0.04580784


0.03523636


0.03118324


0.03054953


0.03090572


0.03429031


0.03047991


0.03231525


0.03348207


0.04596758


0.03215122


0.03482723


0.02924871


0.04718876


0.03701353


0.01976728


0.02299309


0.03302431


0.031744


0.04932308


0.03179836


0.03113747


0.03419876


0.0294385


0.01703453


0.03090239


0.03445101


0.04812622


0.03171396


0.04502344


0.03346443


0.03407717


0.02959299


0.03140068


0.03271103


0.03130865


0.03222084


0.03356314


0.03227282


0.03043795


0.04828167


0.03278542


0.03195572


0.03019428


0.03357553


0.03226519


0.03068781


0.03260183


0.03271675


0.03053999


0.03293467


0.02983999


0.03245592


0.04932928


0.03183603


0.03418398


0.03114271


0.03476572


0.02790928


0.03146076


0.0324111


0.03270054


0.03143787


0.03206253


0.03295612


0.04694271


0.03208208


0.03331089


0.03307486


0.03213167


0.02876902


0.03483725


0.03130865


0.04702568


0.03234148


0.03119421


0.03055334


0.03286791


0.03280163


0.03034687


0.03528309


0.03156567


0.0301156


0.03421879


0.02952957


0.03191566


0.03293037


0.01718092


0.04668665


0.0481658


0.03246784


0.03206635


0.03227043


0.03350544


0.02908421


0.03792477


0.03814316


0.02477932


0.03123569


0.0378294


0.04542923


0.09310436


0.03005981


0.04654408


0.03227997


0.03227234


0.03165531


0.03164577


0.01905155


0.03786469


0.02235699


0.05062866


0.03067875


0.03153133


0.03450584


0.03058529


0.03273392


0.04602242


0.03358841


0.03120422


0.03176594


0.03107834


0.03511047


0.02916145


0.03433514


0.03212833


0.03153133


0.03278923


0.02757072


0.03198433


0.03386974


0.03285503


0.04864407


0.03304768


0.03122234


0.0323534


0.02942562


0.03448677


0.02954292


0.03714848


0.02710915


0.03158379


0.03257084


0.03056049


0.03337193


0.03242493


0.03163815


0.04688454


0.03376865


0.03232765


0.0309906


0.03720665


0.02749443


0.02983761


0.03378582


0.03144932


0.03265953


0.03270531


0.04763603


0.03171349


0.03218269


0.03246403


0.0492506


0.0296278


0.03108311


0.03349304


0.03194618


0.03117943


0.03342724


0.03641415


0.02850151


0.0287075


0.03402901


0.03345585


0.03055763


0.0289278


0.03586578


0.03014278


0.03116989


0.04896832


0.03283215


0.03074837


0.03153229


0.0348053


0.02886486


0.03263187


0.03252316


0.03064823


0.03201103


0.03318977


0.03458881


0.02994442


0.03142071


0.03453922


0.03218937


0.04716492


0.01523972


0.0323801


0.04743481


0.03236389


0.03308678


0.03019428


0.03226566


0.03162003


0.03076935


0.05054092


0.03052139


0.03123283


0.03361797


0.03177738


0.03218365


0.03012943


0.04811287


0.03148842


0.03428936


0.03039169


0.01682663


0.0348587


0.02835751


0.05040836


0.03077316


0.03183365


0.03170586


0.03040218


0.03873253


0.02636814


0.03606796


0.04712677


0.03497982


0.02599907


0.03314018


0.03189945


0.03258419


0.03160381


0.02992058


0.03695965


0.03608131


0.0276041


0.02873325


0.04603863


0.03423023


0.03228188


0.03345299


0.03111744


0.03164959


0.01530266


0.03002453


0.0501585


0.03189278


0.03167534


0.03066158


0.03421402


0.03113651


0.04785252


0.03776836


0.03120327


0.02666092


0.04963493


0.01592064


0.04691029


0.03200912


0.03181839


0.0307312


0.03628254


0.03218174


0.02809048


0.03914356


0.02563095


0.01741409


0.04566765


0.0321312


0.03165245


0.03412819


0.02969074


0.03410912


0.02963352


0.03239632


0.03321934


0.03274727


0.04768181


0.0318985


0.03234768


0.03218079


0.0315094


0.03186321


0.03022385


0.03646851


0.03343678


0.03202343


0.04274178


0.03249073


0.03171825


0.03129959


0.03449535


0.03060532


0.03158283


0.03853035


0.02851772


0.03423405


0.02736664


0.03164673


0.03386688


0.03057289


0.05179691


0.0299921


0.03219032


0.03433704


0.03089428


0.03061581


0.03419876


0.02976704


0.02931595


0.04992008


0.0316124


0.03237629


0.03101254


0.03355312


0.02838326


0.03221035


0.03479958


0.04508972


0.03491974


0.02990818


0.03424358


0.02899551


0.01947021


0.02947521


0.04018879


0.04261208


0.03092194


0.03132629


0.03291702


0.02913666


0.03752899


0.04389


0.03365898


0.01591492


0.031744


0.04708862


0.03488159


0.03419113


0.02733994


0.03103447


0.0331974


0.03567314


0.03513336


0.02288437


0.03364182


0.04689217


0.03314209


0.03106308


0.0331192


0.0326786


0.03048134


0.03154564


0.03107452


0.04811478


0.03317642


0.0440979


0.01096153


0.04710197


0.03105164


0.03643227


0.02837181


0.03191757


0.03082466


0.03310585


0.03193855


0.03142548


0.03361511


0.04837418


0.03061676


0.03861809


0.02375793


0.03259659


0.0186367


0.0471611


0.03162956


0.04697609


0.01724434


0.03316879


0.04475594


0.03263283


0.03250122


0.02953529


0.03380966


0.02971649


0.03161049


0.03244781


0.03026581


0.04607773


0.03370285


0.03342056


0.03078461


0.03027153


0.03507805


0.02952003


0.03617477


0.02848816


0.03035355


0.03316498


0.03129768


0.03394508


0.0291996


0.03613663


0.03452492


0.03878784


0.03834343


0.03505898


0.0161705


0.09666634


0.02716637


0.01849174


0.02974701


0.03273392


0.0309391


0.0465889


0.03421402


0.02959633


0.03234291


0.03442001


0.03095245


0.03041458


0.03794861


0.02805519


0.02905846


0.04983139


0.03196907


0.03254318


0.03101158


0.03095055


0.0341568


0.03065872


0.01672554


0.04698944


0.03385162


0.03089714


0.0312252


0.03377724


0.03074074


0.04654884


0.03198242


0.03401184


0.03300667


0.03026962


0.03154755


0.03249168


0.03338814


0.03091812


0.03247452


0.04759216


0.03210258


0.03364372


0.03074837


0.03229523


0.03264427


0.04815865


0.03039742


0.03243446


0.04227829


0.02173042


0.03232574


0.03236771


0.03112602


0.03193855


0.03274155


0.0323143


0.03177071


0.03190994


0.03011513


0.03423882


0.03076744


0.03195763


0.0473938


0.03164482


0.03327179


0.03131104


0.03146935


0.03453827


0.02902985


0.03438187


0.0300808


0.0500927


0.03120422


0.0319519


0.03147507


0.03086281


0.03309059


0.03232002


0.03297234


0.03091431


0.03213882


0.03223419


0.0323925


0.04931068


0.0311451


0.03034401


0.01861191


0.02875328


0.04865646


0.03259087


0.03218269


0.03200912


0.03439522


0.0298748


0.03303909


0.03087044


0.03142929


0.04919434


0.0300293


0.03285599


0.03177452


0.01598358


0.04780579


0.03316879


0.03099442


0.04891396


0.03427887


0.02913666


0.03278542


0.03029251


0.01721764


0.04885101


0.03109932


0.03193283


0.03079796


0.03310204


0.03306389


0.03832626


0.02824402


0.02822876


0.03284264


0.03648567


0.02701378


0.0486927


0.03286171


0.03203964


0.02884293


0.03336716


0.0319767


0.0320549


0.03111076


0.04871559


0.03309441


0.03011322


0.03354836


0.03236389


0.03219795


0.02989769


0.03206062


0.04874611


0.03054619


0.03445625


0.03094864


0.0333252


0.03264236


0.03186989


0.03058815


0.03594971


0.03348541


0.03066635


0.02561951


0.03701591


0.0275631


0.0338974


0.03186226


0.04738808


0.03313637


0.03163147


0.03011513


0.04574203


0.02749825


0.0330162


0.02866745


0.03430939


0.02825165


0.03303719


0.04173851


0.03295135


0.03185272


0.03708839


0.02609825


0.03268242


0.03326988


0.04683685


0.0360527


0.013834


0.03048897


0.03190994


0.03290939


0.03519249


0.0264492


0.0367527


0.0441246


0.03178787


0.03323936


0.03179359


0.03200722


0.03130531


0.03284264


0.03327751


0.0300808


0.04818535


0.03375816


0.03150749


0.03266144


0.02993011


0.03188705


0.03141594


0.03182411


0.05516434


0.02581406


0.03103256


0.03430748


0.03274727


0.03478432


0.01840401


0.03513527


0.03621292


0.03229713


0.03122902


0.03277969


0.03190422


0.0322876


0.03597641


0.03007126


0.03190231


0.03534508


0.04422379


0.03162956


0.03268242


0.03138351


0.03266907


0.02978516


0.0330658


0.03548813


0.04041481


0.0353775


0.03305817


0.01650238


0.04777527


0.03181458


0.02993393


0.03402328


0.03077888


0.06147385


0.01862907


0.03432846


0.03212929


0.0318222


0.03083611


0.03791046


0.02988243


0.03120232


0.03496361


0.03331757


0.03513336


0.02714157


0.03551674


0.02859879


0.02827644


0.04541588


0.03226852


0.03198814


0.03420448


0.03023529


0.03165436


0.03226662


0.03110695


0.03305244


0.03112221


0.04134178


0.02280617


0.03520203


0.04436302


0.01760483


0.04706573


0.03442001


0.02847481


0.03318024


0.03164101


0.03242874


0.03169823


0.0334816


0.03180122


0.04631615


0.03441811


0.03107834


0.0310936


0.03660202


0.04302788


0.032547


0.03224754


0.03158951


0.03070641


0.03454781


0.0151329


0.0343895


0.02872658


0.05228043


0.03333092


0.01202583


0.05711555


0.02179337


0.03383255


0.04767418


0.01787949


0.02996826


0.0518837


0.03323936


0.03370476


0.02611542


0.03699875


0.03073311


0.02960014


0.09943008


0.04191017


0.03879929


0.02376747


0.03579712


0.03029251


0.02945518


0.0331459


0.03355217


0.03173447


0.03502274


0.02772903


0.03068924


0.03111458


0.04969978


0.03175735


0.01718521


0.04924583


0.03141212


0.03191566


0.03163338


0.05391884


0.02838707


0.03191185


0.02786255


0.03297806


0.03333473


0.0308857


0.0172348


0.03235054


0.0311718


0.04585457


0.03398895


0.03015709


0.03268242


0.03449631


0.02994156


0.03231621


0.0474968


0.03212166


0.01608658


0.04830551


0.03704262


0.02753448


0.03550148


0.03004265


0.04828453


0.02873802


0.03272438


0.03484344


0.02876663


0.03176308


0.03307724


0.03071022


0.03176308


0.03367424


0.03016853


0.03410339


0.03191757


0.03149414


0.03285217


0.03251457


0.0474968


0.03236008


0.01509476


0.04939651


0.03238106


0.03172302


0.03183556


0.03320694


0.02706909


0.03550339


0.02939415


0.03203964


0.04862022


0.03203583


0.01815033


0.05065346


0.028162


0.03235817


0.02937889


0.03826141


0.02606201


0.0326767


0.04730225


0.03298187


0.01636124


0.05847168


0.02657318


0.03917313


0.02833939


0.02773666


0.03339005


0.04561996


0.03450394


0.02976608


0.02776718


0.03559875


0.02838135


0.0392189


0.02666092


0.02961349


0.03215408


0.03462219


0.02956009


0.03122711


0.03220749


0.03178024


0.04855728


0.01733398


0.03137589


0.03145599


0.04901123


0.03094101


0.033638


0.02996445


0.03213882


0.05298233


0.01171112


0.03406525


0.03127289


0.02977753


0.03426743


0.04681015


0.03210068


0.03098297


0.03164291


0.03308868


0.04771805


0.03847504


0.02880859


0.03041077


0.02972031


0.03181839


0.03323746


0.0306015


0.03439713


0.0316925


0.03035736


0.03160095


0.0489502


0.01657104


0.0317955


0.04642105


0.03320694


0.03162003


0.03129959


0.03261948


0.03346252


0.03073883


0.03150558


0.03327179


0.03107452


0.03226471


0.0504303


0.0148201


0.03179169


0.04721832


0.03050232


0.03527832


0.03045273


0.03151321


0.03144836


0.03368378


0.03128433


0.03289032


0.03116226


0.04838181


0.03099823


0.0322113


0.0305481


0.03363037


0.0320015


0.03100586


0.03364563


0.04779434


0.0335083


0.03051376


0.03409958


0.02915192


0.03186417


0.03311157


0.03027344


0.03324509


0.03289032


0.03085709


0.03249359


0.03124619


0.03278732


0.04842377


0.03058243


0.03262329


0.03123093


0.03347397


0.0300293


0.01780701


0.04753113


0.03190231


0.03156662


0.05064774


0.03131485


0.03208923


0.03157425


0.03038788


0.03227615


0.03095627


0.03249359


0.03199768


0.03473282


0.03083038


0.03171539


0.04774857


0.03265381


0.03171921


0.03227615


0.03667068


0.02543259


0.03435135


0.03087234


0.0309639


0.03369904


0.04742432


0.03404236


0.03312302


0.0291214


0.0332756


0.03060913


0.0319519


0.03138733


0.03227997


0.03126526


0.03452682


0.03649139


0.02508545


0.0333519


0.03349686


0.03173447


0.04919815


0.0298996


0.03263092


0.03034592


0.03116989


0.03155518


0.03429794


0.04881668


0.0317421


0.03501511


0.02843857


0.03319931


0.02864075


0.03448486


0.0466156


0.02162933


0.02684021


0.04780197


0.03089523


0.03510666


0.02986908


0.03129196


0.03769684


0.02768326


0.03199768



