Chiptime	ax(g)	ay(g)	az(g)	wx(deg/s)	wy(deg/s)	wz(deg/s)	AngleX(deg)	AngleY(deg)	AngleZ(deg)	T(°)	magx	magy	magz	lon	lat	Yaw	Speed	q1	q2	q3	q4
 2023-8-14 12:14:35.628	-0.0933	-0.0107	1.0474	0.0	0.0	0.0	10.162	12.217	176.512	35.92	-75	-372	523	None	None	None	None	-0.03952	0.10327	-0.09128	-0.98965
 2023-8-14 12:14:35.628	-0.0933	-0.0107	1.0474	0.0	0.0	0.0	10.162	12.217	176.512	35.92	-75	-372	523	None	None	None	None	-0.03952	0.10327	-0.09128	-0.98965
 2023-8-14 12:14:35.630	-0.0933	-0.0107	1.0474	0.0	0.0	0.0	10.162	12.217	176.512	35.92	-76	-372	523	None	None	None	None	-0.03952	0.10327	-0.09128	-0.98965
 2023-8-14 12:14:35.630	-0.0933	-0.0107	1.0474	0.0	0.0	0.0	10.162	12.217	176.512	35.92	-76	-372	523	None	None	None	None	-0.03952	0.10327	-0.09128	-0.98965
 2023-8-14 12:14:35.632	-0.0933	-0.0107	1.0474	0.0	0.0	0.0	10.162	12.217	176.512	35.92	-76	-373	524	None	None	None	None	-0.03952	0.10327	-0.09128	-0.98965
 2023-8-14 12:14:35.632	-0.0933	-0.0107	1.0474	0.0	0.0	0.0	10.162	12.217	176.512	35.92	-76	-373	524	None	None	None	None	-0.03952	0.10327	-0.09128	-0.98965
 2023-8-14 12:14:35.634	-0.0933	-0.0107	1.0474	0.0	0.0	0.0	10.162	12.217	176.512	35.93	-76	-373	524	None	None	None	None	-0.03952	0.10327	-0.09128	-0.98965
 2023-8-14 12:14:35.634	-0.0933	-0.0107	1.0474	0.0	0.0	0.0	10.162	12.217	176.512	35.93	-76	-373	524	None	None	None	None	-0.03952	0.10327	-0.09128	-0.98965
 2023-8-14 12:14:35.636	-0.0933	-0.0107	1.0474	0.0	0.0	0.0	10.162	12.217	176.512	35.93	-76	-373	525	None	None	None	None	-0.03952	0.10327	-0.09128	-0.98965
 2023-8-14 12:14:35.636	-0.0933	-0.0107	1.0474	0.0	0.0	0.0	10.162	12.217	176.512	35.93	-76	-373	525	None	None	None	None	-0.03955	0.10327	-0.09125	-0.98965
 2023-8-14 12:14:35.638	-0.0933	-0.0107	1.0474	0.0	0.0	0.0	10.162	12.217	176.512	35.93	-77	-372	525	None	None	None	None	-0.03955	0.10327	-0.09125	-0.98965
 2023-8-14 12:14:35.638	-0.0933	-0.0107	1.0474	0.0	0.0	0.0	10.162	12.217	176.512	35.93	-77	-372	525	None	None	None	None	-0.03955	0.10327	-0.09125	-0.98965
 2023-8-14 12:14:35.640	-0.0933	-0.0107	1.0474	0.0	0.0	0.0	10.162	12.217	176.512	35.93	-77	-372	526	None	None	None	None	-0.03955	0.10327	-0.09125	-0.98965
 2023-8-14 12:14:35.640	-0.0933	-0.0107	1.0474	0.0	0.0	0.0	10.162	12.217	176.512	35.93	-77	-372	526	None	None	None	None	-0.03955	0.10327	-0.09125	-0.98965
 2023-8-14 12:14:35.642	-0.0933	-0.0107	1.0474	0.0	0.0	0.0	10.162	12.217	176.512	35.93	-77	-372	526	None	None	None	None	-0.03955	0.10327	-0.09125	-0.98965
 2023-8-14 12:14:35.642	-0.0933	-0.0107	1.0474	0.0	0.0	0.0	10.162	12.217	176.512	35.93	-77	-372	526	None	None	None	None	-0.03955	0.10327	-0.09125	-0.98965
 2023-8-14 12:14:35.644	-0.0933	-0.0107	1.0474	0.0	0.0	0.0	10.162	12.217	176.512	35.93	-77	-371	526	None	None	None	None	-0.03955	0.10327	-0.09125	-0.98965
 2023-8-14 12:14:35.644	-0.0933	-0.0107	1.0474	0.0	0.0	0.0	10.162	12.217	176.512	35.93	-77	-371	526	None	None	None	None	-0.03955	0.10327	-0.09125	-0.98965
 2023-8-14 12:14:35.646	-0.0933	-0.0107	1.0474	0.0	0.0	0.0	10.162	12.217	176.512	35.93	-77	-371	527	None	None	None	None	-0.03955	0.10327	-0.09125	-0.98965
 2023-8-14 12:14:35.646	-0.0933	-0.0107	1.0474	0.0	0.0	0.0	10.162	12.217	176.512	35.93	-77	-371	527	None	None	None	None	-0.03955	0.10327	-0.09125	-0.98965
 2023-8-14 12:14:35.648	-0.0933	-0.0107	1.0474	0.0	0.0	0.0	10.162	12.217	176.512	35.93	-77	-371	527	None	None	None	None	-0.03955	0.10327	-0.09125	-0.98965
 2023-8-14 12:14:35.648	-0.0933	-0.0107	1.0474	0.0	0.0	0.0	10.162	12.217	176.512	35.93	-77	-371	527	None	None	None	None	-0.03955	0.10327	-0.09125	-0.98965
 2023-8-14 12:14:35.650	-0.0933	-0.0107	1.0474	0.0	0.0	0.0	10.162	12.217	176.512	35.93	-76	-371	527	None	None	None	None	-0.03955	0.10327	-0.09125	-0.98965
 2023-8-14 12:14:35.650	-0.0933	-0.0107	1.0474	0.0	0.0	0.0	10.162	12.217	176.512	35.93	-76	-371	527	None	None	None	None	-0.03955	0.10327	-0.09125	-0.98965
 2023-8-14 12:14:35.652	-0.0933	-0.0107	1.0474	0.0	0.0	0.0	10.162	12.217	176.506	35.93	-76	-370	528	None	None	None	None	-0.03955	0.10327	-0.09125	-0.98965
 2023-8-14 12:14:35.652	-0.0933	-0.0107	1.0474	0.0	0.0	0.0	10.162	12.217	176.506	35.93	-76	-370	528	None	None	None	None	-0.03955	0.10327	-0.09125	-0.98965
 2023-8-14 12:14:35.654	-0.0933	-0.0107	1.0474	0.0	0.0	0.0	10.162	12.217	176.506	35.93	-76	-370	528	None	None	None	None	-0.03955	0.10327	-0.09125	-0.98965
 2023-8-14 12:14:35.654	-0.0933	-0.0107	1.0474	0.0	0.0	0.0	10.162	12.217	176.506	35.93	-76	-370	528	None	None	None	None	-0.03955	0.10327	-0.09125	-0.98965
 2023-8-14 12:14:35.656	-0.0933	-0.0107	1.0474	0.0	0.0	0.0	10.162	12.217	176.506	35.93	-75	-370	528	None	None	None	None	-0.03955	0.10327	-0.09125	-0.98965
 2023-8-14 12:14:35.656	-0.0933	-0.0107	1.0474	0.0	0.0	0.0	10.162	12.217	176.506	35.93	-75	-370	528	None	None	None	None	-0.03955	0.10327	-0.09125	-0.98965
 2023-8-14 12:14:35.658	-0.0933	-0.0107	1.0474	0.0	0.0	0.0	10.162	12.217	176.506	35.9	-75	-370	528	None	None	None	None	-0.03955	0.10327	-0.09125	-0.98965
 2023-8-14 12:14:35.658	-0.0933	-0.0107	1.0474	0.0	0.0	0.0	10.162	12.217	176.506	35.9	-75	-370	528	None	None	None	None	-0.03958	0.10327	-0.09125	-0.98965
 2023-8-14 12:14:35.660	-0.0933	-0.0107	1.0474	0.0	0.0	0.0	10.162	12.217	176.506	35.9	-75	-370	529	None	None	None	None	-0.03958	0.10327	-0.09125	-0.98965
 2023-8-14 12:14:35.660	-0.0933	-0.0107	1.0474	0.0	0.0	0.0	10.162	12.217	176.506	35.9	-75	-370	529	None	None	None	None	-0.03958	0.10327	-0.09125	-0.98965
 2023-8-14 12:14:35.662	-0.0933	-0.0107	1.0474	0.0	0.0	0.0	10.162	12.217	176.506	35.9	-75	-370	530	None	None	None	None	-0.03958	0.10327	-0.09125	-0.98965
 2023-8-14 12:14:35.662	-0.0933	-0.0107	1.0474	0.0	0.0	0.0	10.162	12.217	176.506	35.9	-75	-370	530	None	None	None	None	-0.03958	0.10327	-0.09125	-0.98965
 2023-8-14 12:14:35.664	-0.0933	-0.0112	1.0479	0.0	0.0	0.0	10.162	12.217	176.506	35.9	-75	-370	531	None	None	None	None	-0.03958	0.10327	-0.09125	-0.98965
 2023-8-14 12:14:35.664	-0.0933	-0.0112	1.0479	0.0	0.0	0.0	10.162	12.217	176.506	35.9	-75	-370	531	None	None	None	None	-0.03958	0.10327	-0.09125	-0.98965
 2023-8-14 12:14:35.666	-0.0933	-0.0112	1.0479	0.0	0.0	0.0	10.162	12.217	176.506	35.9	-74	-370	532	None	None	None	None	-0.03958	0.10327	-0.09125	-0.98965
 2023-8-14 12:14:35.666	-0.0933	-0.0112	1.0479	0.0	0.0	0.0	10.162	12.217	176.506	35.9	-74	-370	532	None	None	None	None	-0.03958	0.10327	-0.09125	-0.98965
 2023-8-14 12:14:35.668	-0.0933	-0.0112	1.0479	0.0	0.0	0.0	10.162	12.217	176.501	35.99	-74	-371	532	None	None	None	None	-0.03958	0.10327	-0.09125	-0.98965
 2023-8-14 12:14:35.668	-0.0933	-0.0112	1.0479	0.0	0.0	0.0	10.162	12.217	176.501	35.99	-74	-371	532	None	None	None	None	-0.03961	0.10327	-0.09125	-0.98965
 2023-8-14 12:14:35.670	-0.0933	-0.0112	1.0479	0.0	0.0	0.0	10.162	12.217	176.501	35.99	-74	-371	533	None	None	None	None	-0.03961	0.10327	-0.09125	-0.98965
 2023-8-14 12:14:35.670	-0.0933	-0.0112	1.0479	0.0	0.0	0.0	10.162	12.217	176.501	35.99	-74	-371	533	None	None	None	None	-0.03961	0.10327	-0.09125	-0.98965
 2023-8-14 12:14:35.672	-0.0933	-0.0112	1.0479	0.0	0.0	0.0	10.162	12.217	176.501	35.99	-74	-371	533	None	None	None	None	-0.03961	0.10327	-0.09125	-0.98965
 2023-8-14 12:14:35.672	-0.0933	-0.0112	1.0479	0.0	0.0	0.0	10.162	12.217	176.501	35.99	-74	-371	533	None	None	None	None	-0.03961	0.10327	-0.09125	-0.98965
 2023-8-14 12:14:35.674	-0.0933	-0.0112	1.0479	0.0	0.0	0.0	10.162	12.217	176.501	35.99	-74	-370	533	None	None	None	None	-0.03961	0.10327	-0.09125	-0.98965
 2023-8-14 12:14:35.674	-0.0933	-0.0112	1.0479	0.0	0.0	0.0	10.162	12.217	176.501	35.99	-74	-370	533	None	None	None	None	-0.03961	0.10327	-0.09125	-0.98965
 2023-8-14 12:14:35.676	-0.0933	-0.0112	1.0479	0.0	0.0	0.0	10.162	12.217	176.501	35.99	-75	-370	532	None	None	None	None	-0.03961	0.10327	-0.09125	-0.98965
 2023-8-14 12:14:35.676	-0.0933	-0.0112	1.0479	0.0	0.0	0.0	10.162	12.217	176.501	35.99	-75	-370	532	None	None	None	None	-0.03964	0.10327	-0.09125	-0.98965
 2023-8-14 12:14:35.678	-0.0933	-0.0112	1.0479	0.0	0.0	0.0	10.162	12.217	176.501	35.99	-75	-370	531	None	None	None	None	-0.03964	0.10327	-0.09125	-0.98965
 2023-8-14 12:14:35.678	-0.0933	-0.0112	1.0479	0.0	0.0	0.0	10.162	12.217	176.501	35.99	-75	-370	531	None	None	None	None	-0.03964	0.10327	-0.09125	-0.98965
 2023-8-14 12:14:35.680	-0.0933	-0.0112	1.0479	0.0	0.0	0.0	10.162	12.217	176.501	36.01	-75	-370	531	None	None	None	None	-0.03964	0.10327	-0.09125	-0.98965
 2023-8-14 12:14:35.680	-0.0933	-0.0112	1.0479	0.0	0.0	0.0	10.162	12.217	176.501	36.01	-75	-370	531	None	None	None	None	-0.03964	0.10327	-0.09125	-0.98965
 2023-8-14 12:14:35.682	-0.0933	-0.0112	1.0479	0.0	0.0	0.0	10.162	12.217	176.495	36.01	-75	-370	530	None	None	None	None	-0.03964	0.10327	-0.09125	-0.98965
 2023-8-14 12:14:35.682	-0.0933	-0.0112	1.0479	0.0	0.0	0.0	10.162	12.217	176.495	36.01	-75	-370	530	None	None	None	None	-0.03964	0.10327	-0.09125	-0.98965
 2023-8-14 12:14:35.684	-0.0933	-0.0112	1.0479	0.0	0.0	0.0	10.162	12.217	176.495	36.01	-75	-370	530	None	None	None	None	-0.03964	0.10327	-0.09125	-0.98965
 2023-8-14 12:14:35.684	-0.0933	-0.0112	1.0479	0.0	0.0	0.0	10.162	12.217	176.495	36.01	-75	-370	530	None	None	None	None	-0.03964	0.10327	-0.09125	-0.98965
 2023-8-14 12:14:35.686	-0.0933	-0.0112	1.0479	0.0	0.0	0.0	10.162	12.217	176.495	36.01	-76	-370	530	None	None	None	None	-0.03964	0.10327	-0.09125	-0.98965
 2023-8-14 12:14:35.686	-0.0933	-0.0112	1.0479	0.0	0.0	0.0	10.162	12.217	176.495	36.01	-76	-370	530	None	None	None	None	-0.03967	0.10327	-0.09125	-0.98965
 2023-8-14 12:14:35.688	-0.0933	-0.0112	1.0479	0.0	0.0	0.0	10.162	12.217	176.495	36.01	-77	-369	529	None	None	None	None	-0.03967	0.10327	-0.09125	-0.98965
 2023-8-14 12:14:35.688	-0.0933	-0.0112	1.0479	0.0	0.0	0.0	10.162	12.217	176.495	36.01	-77	-369	529	None	None	None	None	-0.03967	0.10327	-0.09125	-0.98965
 2023-8-14 12:14:35.690	-0.0933	-0.0112	1.0479	0.0	0.0	0.0	10.162	12.217	176.495	36.01	-77	-369	529	None	None	None	None	-0.03967	0.10327	-0.09125	-0.98965
 2023-8-14 12:14:35.690	-0.0933	-0.0112	1.0479	0.0	0.0	0.0	10.162	12.217	176.495	36.01	-77	-369	529	None	None	None	None	-0.03967	0.10327	-0.09125	-0.98965
 2023-8-14 12:14:35.692	-0.0933	-0.0112	1.0479	0.0	0.0	0.0	10.162	12.217	176.495	35.95	-78	-369	529	None	None	None	None	-0.03967	0.10327	-0.09125	-0.98965
 2023-8-14 12:14:35.692	-0.0933	-0.0112	1.0479	0.0	0.0	0.0	10.162	12.217	176.495	35.95	-78	-369	529	None	None	None	None	-0.03967	0.10327	-0.09125	-0.98965
 2023-8-14 12:14:35.694	-0.0933	-0.0112	1.0479	0.0	0.0	0.0	10.162	12.217	176.495	35.95	-78	-369	529	None	None	None	None	-0.03967	0.10327	-0.09125	-0.98965
 2023-8-14 12:14:35.694	-0.0933	-0.0112	1.0479	0.0	0.0	0.0	10.162	12.217	176.495	35.95	-78	-369	529	None	None	None	None	-0.03967	0.10327	-0.09125	-0.98965
 2023-8-14 12:14:35.696	-0.0933	-0.0112	1.0479	0.0	0.0	0.0	10.162	12.217	176.495	35.95	-79	-369	528	None	None	None	None	-0.03967	0.10327	-0.09125	-0.98965
 2023-8-14 12:14:35.696	-0.0933	-0.0112	1.0479	0.0	0.0	0.0	10.162	12.217	176.495	35.95	-79	-369	528	None	None	None	None	-0.03967	0.10327	-0.09125	-0.98965
 2023-8-14 12:14:35.698	-0.0933	-0.0112	1.0479	0.0	0.0	0.0	10.162	12.217	176.495	35.95	-79	-368	528	None	None	None	None	-0.03967	0.10327	-0.09125	-0.98965
 2023-8-14 12:14:35.698	-0.0933	-0.0112	1.0479	0.0	0.0	0.0	10.162	12.217	176.495	35.95	-79	-368	528	None	None	None	None	-0.03967	0.10327	-0.09125	-0.98965
 2023-8-14 12:14:35.700	-0.0933	-0.0112	1.0479	0.0	0.0	0.0	10.162	12.217	176.495	35.95	-79	-368	528	None	None	None	None	-0.03967	0.10327	-0.09125	-0.98965
 2023-8-14 12:14:35.700	-0.0933	-0.0112	1.0479	0.0	0.0	0.0	10.162	12.217	176.495	35.95	-79	-368	528	None	None	None	None	-0.03967	0.10327	-0.09125	-0.98965
 2023-8-14 12:14:35.702	-0.0933	-0.0112	1.0479	0.0	0.0	0.0	10.162	12.217	176.495	35.95	-79	-367	528	None	None	None	None	-0.03967	0.10327	-0.09125	-0.98965
 2023-8-14 12:14:35.702	-0.0933	-0.0112	1.0479	0.0	0.0	0.0	10.162	12.217	176.495	35.95	-79	-367	528	None	None	None	None	-0.03964	0.10327	-0.09125	-0.98965
 2023-8-14 12:14:35.704	-0.0933	-0.0112	1.0479	0.0	0.0	0.0	10.162	12.217	176.495	35.97	-79	-367	528	None	None	None	None	-0.03964	0.10327	-0.09125	-0.98965
 2023-8-14 12:14:35.704	-0.0933	-0.0112	1.0479	0.0	0.0	0.0	10.162	12.217	176.495	35.97	-79	-367	528	None	None	None	None	-0.03964	0.10327	-0.09125	-0.98965
 2023-8-14 12:14:35.706	-0.0933	-0.0112	1.0479	0.0	0.0	0.0	10.162	12.217	176.495	35.97	-79	-366	528	None	None	None	None	-0.03964	0.10327	-0.09125	-0.98965
 2023-8-14 12:14:35.706	-0.0933	-0.0112	1.0479	0.0	0.0	0.0	10.162	12.217	176.495	35.97	-79	-366	528	None	None	None	None	-0.03964	0.10327	-0.09125	-0.98965
 2023-8-14 12:14:35.708	-0.0933	-0.0112	1.0479	0.0	0.0	0.0	10.162	12.217	176.495	35.97	-79	-366	528	None	None	None	None	-0.03964	0.10327	-0.09125	-0.98965
 2023-8-14 12:14:35.708	-0.0933	-0.0112	1.0479	0.0	0.0	0.0	10.162	12.217	176.495	35.97	-79	-366	528	None	None	None	None	-0.03964	0.10327	-0.09125	-0.98965
 2023-8-14 12:14:35.710	-0.0933	-0.0112	1.0479	0.0	0.0	0.0	10.162	12.217	176.495	35.97	-79	-366	527	None	None	None	None	-0.03964	0.10327	-0.09125	-0.98965
 2023-8-14 12:14:35.710	-0.0933	-0.0112	1.0479	0.0	0.0	0.0	10.162	12.217	176.495	35.97	-79	-366	527	None	None	None	None	-0.03964	0.10327	-0.09125	-0.98965
 2023-8-14 12:14:35.712	-0.0933	-0.0112	1.0479	0.0	0.0	0.0	10.162	12.217	176.495	35.97	-79	-366	527	None	None	None	None	-0.03964	0.10327	-0.09125	-0.98965
 2023-8-14 12:14:35.712	-0.0933	-0.0112	1.0479	0.0	0.0	0.0	10.162	12.217	176.495	35.97	-79	-366	527	None	None	None	None	-0.03964	0.10327	-0.09125	-0.98965
 2023-8-14 12:14:35.714	-0.0933	-0.0112	1.0479	0.0	0.0	0.0	10.162	12.217	176.501	35.93	-78	-366	527	None	None	None	None	-0.03964	0.10327	-0.09125	-0.98965
 2023-8-14 12:14:35.714	-0.0933	-0.0112	1.0479	0.0	0.0	0.0	10.162	12.217	176.501	35.93	-78	-366	527	None	None	None	None	-0.03964	0.10327	-0.09125	-0.98965
 2023-8-14 12:14:35.716	-0.0933	-0.0112	1.0479	0.0	0.0	0.0	10.162	12.217	176.501	35.93	-78	-366	527	None	None	None	None	-0.03964	0.10327	-0.09125	-0.98965
 2023-8-14 12:14:35.716	-0.0933	-0.0112	1.0479	0.0	0.0	0.0	10.162	12.217	176.501	35.93	-78	-366	527	None	None	None	None	-0.03964	0.10327	-0.09125	-0.98965
 2023-8-14 12:14:35.718	-0.0933	-0.0112	1.0479	0.0	0.0	0.0	10.162	12.217	176.501	35.93	-78	-366	526	None	None	None	None	-0.03964	0.10327	-0.09125	-0.98965
 2023-8-14 12:14:35.718	-0.0933	-0.0112	1.0479	0.0	0.0	0.0	10.162	12.217	176.501	35.93	-78	-366	526	None	None	None	None	-0.03964	0.10327	-0.09125	-0.98965
 2023-8-14 12:14:35.720	-0.0933	-0.0112	1.0479	0.0	0.0	0.0	10.162	12.217	176.495	35.93	-77	-366	526	None	None	None	None	-0.03964	0.10327	-0.09125	-0.98965
 2023-8-14 12:14:35.720	-0.0933	-0.0112	1.0479	0.0	0.0	0.0	10.162	12.217	176.495	35.93	-77	-366	526	None	None	None	None	-0.03964	0.10327	-0.09125	-0.98965
 2023-8-14 12:14:35.722	-0.0933	-0.0112	1.0479	0.0	0.0	0.0	10.162	12.217	176.495	35.93	-77	-366	526	None	None	None	None	-0.03964	0.10327	-0.09125	-0.98965
 2023-8-14 12:14:35.722	-0.0933	-0.0112	1.0479	0.0	0.0	0.0	10.162	12.217	176.495	35.93	-77	-366	526	None	None	None	None	-0.03964	0.10327	-0.09125	-0.98965
 2023-8-14 12:14:35.724	-0.0933	-0.0112	1.0479	0.0	0.0	0.0	10.162	12.217	176.495	35.93	-77	-366	525	None	None	None	None	-0.03964	0.10327	-0.09125	-0.98965
 2023-8-14 12:14:35.724	-0.0933	-0.0112	1.0479	0.0	0.0	0.0	10.162	12.217	176.495	35.93	-77	-366	525	None	None	None	None	-0.03964	0.10327	-0.09125	-0.98965
 2023-8-14 12:14:35.726	-0.0933	-0.0112	1.0479	0.0	0.0	0.0	10.162	12.217	176.495	35.91	-77	-365	525	None	None	None	None	-0.03964	0.10327	-0.09125	-0.98965
 2023-8-14 12:14:35.726	-0.0933	-0.0112	1.0479	0.0	0.0	0.0	10.162	12.217	176.495	35.91	-77	-365	525	None	None	None	None	-0.03964	0.10327	-0.09125	-0.98965
 2023-8-14 12:14:35.728	-0.0933	-0.0112	1.0479	0.0	0.0	0.0	10.162	12.217	176.495	35.91	-77	-365	524	None	None	None	None	-0.03964	0.10327	-0.09125	-0.98965
 2023-8-14 12:14:35.728	-0.0933	-0.0112	1.0479	0.0	0.0	0.0	10.162	12.217	176.495	35.91	-77	-365	524	None	None	None	None	-0.03964	0.10327	-0.09125	-0.98965
 2023-8-14 12:14:35.730	-0.0933	-0.0112	1.0479	0.0	0.0	0.0	10.162	12.217	176.495	35.91	-77	-364	523	None	None	None	None	-0.03964	0.10327	-0.09125	-0.98965
