Chiptime	ax(g)	ay(g)	az(g)	wx(deg/s)	wy(deg/s)	wz(deg/s)	AngleX(deg)	AngleY(deg)	AngleZ(deg)	T(°)	magx	magy	magz	lon	lat	Yaw	Speed	q1	q2	q3	q4
 2023-8-14 11:7:41.652	-0.0747	-0.0103	1.0474	0.0	0.0	0.0	6.52	-6.537	-94.499	36.82	-1096	101	-79	None	None	None	None	0.67896	-0.00323	-0.08038	-0.72971
 2023-8-14 11:7:41.652	-0.0747	-0.0103	1.0474	0.0	0.0	0.0	6.52	-6.537	-94.499	36.82	-1096	101	-79	None	None	None	None	0.67896	-0.00323	-0.08038	-0.72974
 2023-8-14 11:7:41.654	-0.0747	-0.0103	1.0474	0.0	0.0	0.0	6.52	-6.537	-94.499	36.82	-1095	101	-79	None	None	None	None	0.67896	-0.00323	-0.08038	-0.72974
 2023-8-14 11:7:41.654	-0.0747	-0.0103	1.0474	0.0	0.0	0.0	6.52	-6.537	-94.499	36.82	-1095	101	-79	None	None	None	None	0.67896	-0.00323	-0.08038	-0.72974
 2023-8-14 11:7:41.656	-0.0747	-0.0103	1.0474	0.0	0.0	0.0	6.52	-6.537	-94.499	36.82	-1094	101	-79	None	None	None	None	0.67896	-0.00323	-0.08038	-0.72974
 2023-8-14 11:7:41.656	-0.0747	-0.0103	1.0474	0.0	0.0	0.0	6.52	-6.537	-94.499	36.82	-1094	101	-79	None	None	None	None	0.67896	-0.00323	-0.08038	-0.72974
 2023-8-14 11:7:41.658	-0.0747	-0.0103	1.0474	0.0	0.0	0.0	6.52	-6.537	-94.499	36.82	-1094	102	-79	None	None	None	None	0.67896	-0.00323	-0.08038	-0.72974
 2023-8-14 11:7:41.658	-0.0747	-0.0103	1.0474	0.0	0.0	0.0	6.52	-6.537	-94.499	36.82	-1094	102	-79	None	None	None	None	0.67896	-0.00323	-0.08038	-0.72974
 2023-8-14 11:7:41.660	-0.0747	-0.0103	1.0474	0.0	0.0	0.0	6.52	-6.537	-94.499	36.82	-1094	102	-79	None	None	None	None	0.67896	-0.00323	-0.08038	-0.72974
 2023-8-14 11:7:41.660	-0.0747	-0.0103	1.0474	0.0	0.0	0.0	6.52	-6.537	-94.499	36.82	-1094	102	-79	None	None	None	None	0.67896	-0.00323	-0.08038	-0.72974
 2023-8-14 11:7:41.662	-0.0747	-0.0103	1.0474	0.0	0.0	0.0	6.52	-6.537	-94.499	36.76	-1093	102	-79	None	None	None	None	0.67896	-0.00323	-0.08038	-0.72974
 2023-8-14 11:7:41.662	-0.0747	-0.0103	1.0474	0.0	0.0	0.0	6.52	-6.537	-94.499	36.76	-1093	102	-79	None	None	None	None	0.67896	-0.00323	-0.08038	-0.72974
 2023-8-14 11:7:41.664	-0.0747	-0.0103	1.0474	0.0	0.0	0.0	6.52	-6.537	-94.499	36.76	-1093	102	-79	None	None	None	None	0.67896	-0.00323	-0.08038	-0.72974
 2023-8-14 11:7:41.664	-0.0747	-0.0103	1.0474	0.0	0.0	0.0	6.52	-6.537	-94.499	36.76	-1093	102	-79	None	None	None	None	0.67896	-0.00323	-0.08038	-0.72974
 2023-8-14 11:7:41.666	-0.0747	-0.0103	1.0474	0.0	0.0	0.0	6.526	-6.537	-94.499	36.76	-1093	102	-79	None	None	None	None	0.67896	-0.00323	-0.08038	-0.72974
 2023-8-14 11:7:41.666	-0.0747	-0.0103	1.0474	0.0	0.0	0.0	6.526	-6.537	-94.499	36.76	-1093	102	-79	None	None	None	None	0.67896	-0.00323	-0.08038	-0.72974
 2023-8-14 11:7:41.668	-0.0747	-0.0103	1.0474	0.0	0.0	0.0	6.526	-6.537	-94.499	36.76	-1093	102	-80	None	None	None	None	0.67896	-0.00323	-0.08038	-0.72974
 2023-8-14 11:7:41.668	-0.0747	-0.0103	1.0474	0.0	0.0	0.0	6.526	-6.537	-94.499	36.76	-1093	102	-80	None	None	None	None	0.67896	-0.00323	-0.08038	-0.72974
 2023-8-14 11:7:41.670	-0.0747	-0.0103	1.0474	0.0	0.0	0.0	6.526	-6.537	-94.499	36.76	-1093	102	-80	None	None	None	None	0.67896	-0.00323	-0.08038	-0.72974
 2023-8-14 11:7:41.670	-0.0747	-0.0103	1.0474	0.0	0.0	0.0	6.526	-6.537	-94.499	36.76	-1093	102	-80	None	None	None	None	0.67896	-0.00323	-0.08038	-0.72974
 2023-8-14 11:7:41.672	-0.0747	-0.0103	1.0474	0.0	0.0	0.0	6.526	-6.537	-94.504	36.76	-1093	102	-81	None	None	None	None	0.67896	-0.00323	-0.08038	-0.72974
 2023-8-14 11:7:41.672	-0.0747	-0.0103	1.0474	0.0	0.0	0.0	6.526	-6.537	-94.504	36.76	-1093	102	-81	None	None	None	None	0.67892	-0.00323	-0.08038	-0.72974
 2023-8-14 11:7:41.674	-0.0747	-0.0103	1.0474	0.0	0.0	0.0	6.526	-6.537	-94.504	36.77	-1093	102	-81	None	None	None	None	0.67892	-0.00323	-0.08038	-0.72974
 2023-8-14 11:7:41.674	-0.0747	-0.0103	1.0474	0.0	0.0	0.0	6.526	-6.537	-94.504	36.77	-1093	102	-81	None	None	None	None	0.67892	-0.00323	-0.08038	-0.72974
 2023-8-14 11:7:41.676	-0.0747	-0.0103	1.0474	0.0	0.0	0.0	6.526	-6.537	-94.504	36.77	-1093	102	-82	None	None	None	None	0.67892	-0.00323	-0.08038	-0.72974
 2023-8-14 11:7:41.676	-0.0747	-0.0103	1.0474	0.0	0.0	0.0	6.526	-6.537	-94.504	36.77	-1093	102	-82	None	None	None	None	0.67892	-0.00323	-0.08038	-0.72974
 2023-8-14 11:7:41.678	-0.0747	-0.0103	1.0474	0.0	0.0	0.0	6.526	-6.537	-94.504	36.77	-1094	102	-81	None	None	None	None	0.67892	-0.00323	-0.08038	-0.72974
 2023-8-14 11:7:41.678	-0.0747	-0.0103	1.0474	0.0	0.0	0.0	6.526	-6.537	-94.504	36.77	-1094	102	-81	None	None	None	None	0.67892	-0.00323	-0.08038	-0.72977
 2023-8-14 11:7:41.680	-0.0747	-0.0103	1.0474	0.0	0.0	0.0	6.526	-6.537	-94.504	36.77	-1094	102	-79	None	None	None	None	0.67892	-0.00323	-0.08038	-0.72977
 2023-8-14 11:7:41.680	-0.0747	-0.0103	1.0474	0.0	0.0	0.0	6.526	-6.537	-94.504	36.77	-1094	102	-79	None	None	None	None	0.67892	-0.00323	-0.08038	-0.72977
 2023-8-14 11:7:41.682	-0.0747	-0.0103	1.0474	0.0	0.0	0.0	6.526	-6.537	-94.504	36.77	-1094	102	-78	None	None	None	None	0.67892	-0.00323	-0.08038	-0.72977
 2023-8-14 11:7:41.682	-0.0747	-0.0103	1.0474	0.0	0.0	0.0	6.526	-6.537	-94.504	36.77	-1094	102	-78	None	None	None	None	0.67892	-0.00323	-0.08038	-0.72977
 2023-8-14 11:7:41.684	-0.0747	-0.0103	1.0474	0.0	0.0	0.0	6.526	-6.537	-94.504	36.77	-1095	102	-78	None	None	None	None	0.67892	-0.00323	-0.08038	-0.72977
 2023-8-14 11:7:41.684	-0.0747	-0.0103	1.0474	0.0	0.0	0.0	6.526	-6.537	-94.504	36.77	-1095	102	-78	None	None	None	None	0.67892	-0.00323	-0.08038	-0.72977
 2023-8-14 11:7:41.686	-0.0747	-0.0103	1.0474	0.0	0.0	0.0	6.526	-6.537	-94.504	36.82	-1095	102	-77	None	None	None	None	0.67892	-0.00323	-0.08038	-0.72977
 2023-8-14 11:7:41.686	-0.0747	-0.0103	1.0474	0.0	0.0	0.0	6.526	-6.537	-94.504	36.82	-1095	102	-77	None	None	None	None	0.67892	-0.00323	-0.08038	-0.72977
 2023-8-14 11:7:41.688	-0.0747	-0.0103	1.0474	0.0	0.0	0.0	6.526	-6.537	-94.504	36.82	-1095	103	-76	None	None	None	None	0.67892	-0.00323	-0.08038	-0.72977
 2023-8-14 11:7:41.688	-0.0747	-0.0103	1.0474	0.0	0.0	0.0	6.526	-6.537	-94.504	36.82	-1095	103	-76	None	None	None	None	0.67892	-0.00323	-0.08038	-0.72977
 2023-8-14 11:7:41.690	-0.0747	-0.0103	1.0474	0.0	0.0	0.0	6.526	-6.537	-94.504	36.82	-1095	103	-77	None	None	None	None	0.67892	-0.00323	-0.08038	-0.72977
 2023-8-14 11:7:41.690	-0.0747	-0.0103	1.0474	0.0	0.0	0.0	6.526	-6.537	-94.504	36.82	-1095	103	-77	None	None	None	None	0.67892	-0.00323	-0.08038	-0.72977
 2023-8-14 11:7:41.692	-0.0747	-0.0103	1.0474	0.0	0.0	0.0	6.526	-6.537	-94.504	36.82	-1094	103	-77	None	None	None	None	0.67892	-0.00323	-0.08038	-0.72977
 2023-8-14 11:7:41.692	-0.0747	-0.0103	1.0474	0.0	0.0	0.0	6.526	-6.537	-94.504	36.82	-1094	103	-77	None	None	None	None	0.67892	-0.00323	-0.08038	-0.72977
 2023-8-14 11:7:41.694	-0.0747	-0.0103	1.0474	0.0	0.0	0.0	6.526	-6.537	-94.504	36.82	-1094	103	-78	None	None	None	None	0.67892	-0.00323	-0.08038	-0.72977
 2023-8-14 11:7:41.694	-0.0747	-0.0103	1.0474	0.0	0.0	0.0	6.526	-6.537	-94.504	36.82	-1094	103	-78	None	None	None	None	0.67892	-0.00323	-0.08038	-0.72977
 2023-8-14 11:7:41.696	-0.0747	-0.0103	1.0474	0.0	0.0	0.0	6.526	-6.537	-94.504	36.82	-1094	104	-79	None	None	None	None	0.67892	-0.00323	-0.08038	-0.72977
 2023-8-14 11:7:41.696	-0.0747	-0.0103	1.0474	0.0	0.0	0.0	6.526	-6.537	-94.504	36.82	-1094	104	-79	None	None	None	None	0.67892	-0.00323	-0.08038	-0.72977
 2023-8-14 11:7:41.698	-0.0747	-0.0103	1.0474	0.0	0.0	0.0	6.526	-6.537	-94.504	36.82	-1094	104	-79	None	None	None	None	0.67892	-0.00323	-0.08038	-0.72977
 2023-8-14 11:7:41.698	-0.0747	-0.0103	1.0474	0.0	0.0	0.0	6.526	-6.537	-94.504	36.82	-1094	104	-79	None	None	None	None	0.67889	-0.00323	-0.08038	-0.72977
 2023-8-14 11:7:41.700	-0.0747	-0.0103	1.0474	0.0	0.0	0.0	6.526	-6.537	-94.504	36.82	-1093	104	-80	None	None	None	None	0.67889	-0.00323	-0.08038	-0.72977
 2023-8-14 11:7:41.700	-0.0747	-0.0103	1.0474	0.0	0.0	0.0	6.526	-6.537	-94.504	36.82	-1093	104	-80	None	None	None	None	0.67889	-0.00323	-0.08038	-0.72977
 2023-8-14 11:7:41.702	-0.0747	-0.0103	1.0474	0.0	0.0	0.0	6.526	-6.537	-94.504	36.82	-1093	104	-80	None	None	None	None	0.67889	-0.00323	-0.08038	-0.72977
 2023-8-14 11:7:41.702	-0.0747	-0.0103	1.0474	0.0	0.0	0.0	6.526	-6.537	-94.504	36.82	-1093	104	-80	None	None	None	None	0.67889	-0.00323	-0.08038	-0.72977
 2023-8-14 11:7:41.704	-0.0747	-0.0103	1.0474	0.0	0.0	0.0	6.526	-6.537	-94.504	36.82	-1093	104	-80	None	None	None	None	0.67889	-0.00323	-0.08038	-0.72977
 2023-8-14 11:7:41.704	-0.0747	-0.0103	1.0474	0.0	0.0	0.0	6.526	-6.537	-94.504	36.82	-1093	104	-80	None	None	None	None	0.67889	-0.00323	-0.08038	-0.72977
 2023-8-14 11:7:41.706	-0.0747	-0.0103	1.0474	0.0	0.0	0.0	6.526	-6.537	-94.51	36.82	-1093	105	-80	None	None	None	None	0.67889	-0.00323	-0.08038	-0.72977
 2023-8-14 11:7:41.706	-0.0747	-0.0103	1.0474	0.0	0.0	0.0	6.526	-6.537	-94.51	36.82	-1093	105	-80	None	None	None	None	0.67889	-0.00323	-0.08038	-0.72977
 2023-8-14 11:7:41.708	-0.0747	-0.0103	1.0474	0.0	0.0	0.0	6.526	-6.537	-94.51	36.77	-1093	105	-81	None	None	None	None	0.67889	-0.00323	-0.08038	-0.72977
 2023-8-14 11:7:41.708	-0.0747	-0.0103	1.0474	0.0	0.0	0.0	6.526	-6.537	-94.51	36.77	-1093	105	-81	None	None	None	None	0.67889	-0.00323	-0.08038	-0.72977
 2023-8-14 11:7:41.710	-0.0747	-0.0103	1.0474	0.0	0.0	0.0	6.526	-6.537	-94.51	36.77	-1092	105	-81	None	None	None	None	0.67889	-0.00323	-0.08038	-0.72977
 2023-8-14 11:7:41.710	-0.0747	-0.0103	1.0474	0.0	0.0	0.0	6.526	-6.537	-94.51	36.77	-1092	105	-81	None	None	None	None	0.67889	-0.00323	-0.08038	-0.72977
 2023-8-14 11:7:41.712	-0.0747	-0.0103	1.0474	0.0	0.0	0.0	6.526	-6.537	-94.51	36.77	-1092	105	-81	None	None	None	None	0.67889	-0.00323	-0.08038	-0.72977
 2023-8-14 11:7:41.712	-0.0747	-0.0103	1.0474	0.0	0.0	0.0	6.526	-6.537	-94.51	36.77	-1092	105	-81	None	None	None	None	0.67889	-0.00323	-0.08038	-0.72977
 2023-8-14 11:7:41.714	-0.0747	-0.0103	1.0474	0.0	0.0	0.0	6.526	-6.537	-94.51	36.77	-1092	105	-81	None	None	None	None	0.67889	-0.00323	-0.08038	-0.72977
 2023-8-14 11:7:41.714	-0.0747	-0.0103	1.0474	0.0	0.0	0.0	6.526	-6.537	-94.51	36.77	-1092	105	-81	None	None	None	None	0.67889	-0.00323	-0.08038	-0.72977
 2023-8-14 11:7:41.716	-0.0747	-0.0103	1.0474	0.0	0.0	0.0	6.526	-6.537	-94.51	36.77	-1092	106	-81	None	None	None	None	0.67889	-0.00323	-0.08038	-0.72977
 2023-8-14 11:7:41.716	-0.0747	-0.0103	1.0474	0.0	0.0	0.0	6.526	-6.537	-94.51	36.77	-1092	106	-81	None	None	None	None	0.67889	-0.00323	-0.08038	-0.7298
 2023-8-14 11:7:41.718	-0.0747	-0.0103	1.0474	0.0	0.0	0.0	6.526	-6.537	-94.51	36.77	-1092	107	-81	None	None	None	None	0.67889	-0.00323	-0.08038	-0.7298
 2023-8-14 11:7:41.718	-0.0747	-0.0103	1.0474	0.0	0.0	0.0	6.526	-6.537	-94.51	36.77	-1092	107	-81	None	None	None	None	0.67889	-0.00323	-0.08038	-0.7298
 2023-8-14 11:7:41.720	-0.0747	-0.0107	1.0474	0.0	0.0	0.0	6.526	-6.537	-94.51	36.79	-1092	107	-81	None	None	None	None	0.67889	-0.00323	-0.08038	-0.7298
 2023-8-14 11:7:41.720	-0.0747	-0.0107	1.0474	0.0	0.0	0.0	6.526	-6.537	-94.51	36.79	-1092	107	-81	None	None	None	None	0.67889	-0.00323	-0.08038	-0.7298
 2023-8-14 11:7:41.722	-0.0747	-0.0107	1.0474	0.0	0.0	0.0	6.526	-6.537	-94.51	36.79	-1091	108	-81	None	None	None	None	0.67889	-0.00323	-0.08038	-0.7298
 2023-8-14 11:7:41.722	-0.0747	-0.0107	1.0474	0.0	0.0	0.0	6.526	-6.537	-94.51	36.79	-1091	108	-81	None	None	None	None	0.67889	-0.00323	-0.08038	-0.7298
 2023-8-14 11:7:41.724	-0.0747	-0.0107	1.0474	0.0	0.0	0.0	6.526	-6.537	-94.51	36.79	-1091	108	-81	None	None	None	None	0.67889	-0.00323	-0.08038	-0.7298
 2023-8-14 11:7:41.724	-0.0747	-0.0107	1.0474	0.0	0.0	0.0	6.526	-6.537	-94.51	36.79	-1091	108	-81	None	None	None	None	0.67889	-0.00323	-0.08038	-0.7298
 2023-8-14 11:7:41.726	-0.0747	-0.0107	1.0474	0.0	0.0	0.0	6.526	-6.537	-94.51	36.79	-1091	109	-81	None	None	None	None	0.67889	-0.00323	-0.08038	-0.7298
 2023-8-14 11:7:41.726	-0.0747	-0.0107	1.0474	0.0	0.0	0.0	6.526	-6.537	-94.51	36.79	-1091	109	-81	None	None	None	None	0.67889	-0.00323	-0.08038	-0.7298
 2023-8-14 11:7:41.728	-0.0747	-0.0107	1.0474	0.0	0.0	0.0	6.526	-6.537	-94.51	36.79	-1091	110	-80	None	None	None	None	0.67889	-0.00323	-0.08038	-0.7298
 2023-8-14 11:7:41.728	-0.0747	-0.0107	1.0474	0.0	0.0	0.0	6.526	-6.537	-94.51	36.79	-1091	110	-80	None	None	None	None	0.67889	-0.00323	-0.08038	-0.7298
 2023-8-14 11:7:41.730	-0.0747	-0.0107	1.0474	0.0	0.0	0.0	6.526	-6.537	-94.51	36.79	-1092	111	-80	None	None	None	None	0.67889	-0.00323	-0.08038	-0.7298
 2023-8-14 11:7:41.730	-0.0747	-0.0107	1.0474	0.0	0.0	0.0	6.526	-6.537	-94.51	36.79	-1092	111	-80	None	None	None	None	0.67889	-0.00323	-0.08038	-0.72977
 2023-8-14 11:7:41.732	-0.0747	-0.0107	1.0474	0.0	0.0	0.0	6.526	-6.537	-94.51	36.79	-1092	111	-79	None	None	None	None	0.67889	-0.00323	-0.08038	-0.72977
 2023-8-14 11:7:41.732	-0.0747	-0.0107	1.0474	0.0	0.0	0.0	6.526	-6.537	-94.51	36.79	-1092	111	-79	None	None	None	None	0.67889	-0.00323	-0.08038	-0.72977
 2023-8-14 11:7:41.734	-0.0747	-0.0107	1.0474	0.0	0.0	0.0	6.526	-6.537	-94.51	36.79	-1092	112	-79	None	None	None	None	0.67889	-0.00323	-0.08038	-0.72977
 2023-8-14 11:7:41.734	-0.0747	-0.0107	1.0474	0.0	0.0	0.0	6.526	-6.537	-94.51	36.79	-1092	112	-79	None	None	None	None	0.67889	-0.00323	-0.08038	-0.72977
 2023-8-14 11:7:41.736	-0.0747	-0.0107	1.0474	0.0	0.0	0.0	6.526	-6.537	-94.51	36.79	-1092	113	-79	None	None	None	None	0.67889	-0.00323	-0.08038	-0.72977
 2023-8-14 11:7:41.736	-0.0747	-0.0107	1.0474	0.0	0.0	0.0	6.526	-6.537	-94.51	36.79	-1092	113	-79	None	None	None	None	0.67889	-0.00323	-0.08038	-0.72977
 2023-8-14 11:7:41.738	-0.0747	-0.0107	1.0474	0.0	0.0	0.0	6.526	-6.537	-94.504	36.79	-1092	113	-78	None	None	None	None	0.67889	-0.00323	-0.08038	-0.72977
 2023-8-14 11:7:41.738	-0.0747	-0.0107	1.0474	0.0	0.0	0.0	6.526	-6.537	-94.504	36.79	-1092	113	-78	None	None	None	None	0.67889	-0.00323	-0.08038	-0.72977
 2023-8-14 11:7:41.740	-0.0747	-0.0107	1.0474	0.0	0.0	0.0	6.526	-6.537	-94.504	36.79	-1092	114	-78	None	None	None	None	0.67889	-0.00323	-0.08038	-0.72977
 2023-8-14 11:7:41.740	-0.0747	-0.0107	1.0474	0.0	0.0	0.0	6.526	-6.537	-94.504	36.79	-1092	114	-78	None	None	None	None	0.67889	-0.00323	-0.08038	-0.72977
 2023-8-14 11:7:41.742	-0.0747	-0.0107	1.0474	0.0	0.0	0.0	6.526	-6.537	-94.504	36.79	-1092	113	-79	None	None	None	None	0.67889	-0.00323	-0.08038	-0.72977
 2023-8-14 11:7:41.742	-0.0747	-0.0107	1.0474	0.0	0.0	0.0	6.526	-6.537	-94.504	36.79	-1092	113	-79	None	None	None	None	0.67889	-0.00323	-0.08038	-0.72977
 2023-8-14 11:7:41.744	-0.0747	-0.0107	1.0474	0.0	0.0	0.0	6.526	-6.537	-94.504	36.79	-1093	112	-79	None	None	None	None	0.67889	-0.00323	-0.08038	-0.72977
 2023-8-14 11:7:41.744	-0.0747	-0.0107	1.0474	0.0	0.0	0.0	6.526	-6.537	-94.504	36.79	-1093	112	-79	None	None	None	None	0.67892	-0.00323	-0.08038	-0.72977
 2023-8-14 11:7:41.746	-0.0747	-0.0107	1.0474	0.0	0.0	0.0	6.526	-6.537	-94.504	36.79	-1093	112	-80	None	None	None	None	0.67892	-0.00323	-0.08038	-0.72977
 2023-8-14 11:7:41.746	-0.0747	-0.0107	1.0474	0.0	0.0	0.0	6.526	-6.537	-94.504	36.79	-1093	112	-80	None	None	None	None	0.67892	-0.00323	-0.08038	-0.72977
 2023-8-14 11:7:41.748	-0.0747	-0.0107	1.0474	0.0	0.0	0.0	6.526	-6.537	-94.504	36.79	-1093	111	-80	None	None	None	None	0.67892	-0.00323	-0.08038	-0.72977
 2023-8-14 11:7:41.748	-0.0747	-0.0107	1.0474	0.0	0.0	0.0	6.526	-6.537	-94.504	36.79	-1093	111	-80	None	None	None	None	0.67892	-0.00323	-0.08038	-0.72977
 2023-8-14 11:7:41.750	-0.0747	-0.0107	1.0474	0.0	0.0	0.0	6.526	-6.537	-94.504	36.79	-1094	111	-80	None	None	None	None	0.67892	-0.00323	-0.08038	-0.72977
 2023-8-14 11:7:41.750	-0.0747	-0.0107	1.0474	0.0	0.0	0.0	6.526	-6.537	-94.504	36.79	-1094	111	-80	None	None	None	None	0.67892	-0.00323	-0.08038	-0.72977
 2023-8-14 11:7:41.752	-0.0747	-0.0107	1.0474	0.0	0.0	0.0	6.526	-6.537	-94.504	36.79	-1094	110	-81	None	None	None	None	0.67892	-0.00323	-0.08038	-0.72977
 2023-8-14 11:7:41.752	-0.0747	-0.0107	1.0474	0.0	0.0	0.0	6.526	-6.537	-94.504	36.79	-1094	110	-81	None	None	None	None	0.67892	-0.00323	-0.08038	-0.72977
 2023-8-14 11:7:41.754	-0.0747	-0.0107	1.0474	0.0	0.0	0.0	6.526	-6.537	-94.504	36.75	-1094	110	-81	None	None	None	None	0.67892	-0.00323	-0.08038	-0.72977
 2023-8-14 11:7:41.754	-0.0747	-0.0107	1.0474	0.0	0.0	0.0	6.526	-6.537	-94.504	36.75	-1094	110	-81	None	None	None	None	0.67892	-0.00323	-0.08038	-0.72977
 2023-8-14 11:7:41.756	-0.0747	-0.0107	1.0474	0.0	0.0	0.0	6.526	-6.537	-94.504	36.75	-1094	110	-81	None	None	None	None	0.67892	-0.00323	-0.08038	-0.72977
 2023-8-14 11:7:41.756	-0.0747	-0.0107	1.0474	0.0	0.0	0.0	6.526	-6.537	-94.504	36.75	-1094	110	-81	None	None	None	None	0.67892	-0.00323	-0.08038	-0.72977
 2023-8-14 11:7:41.758	-0.0747	-0.0107	1.0474	0.0	0.0	0.0	6.526	-6.537	-94.504	36.75	-1093	110	-81	None	None	None	None	0.67892	-0.00323	-0.08038	-0.72977
 2023-8-14 11:7:41.758	-0.0747	-0.0107	1.0474	0.0	0.0	0.0	6.526	-6.537	-94.504	36.75	-1093	110	-81	None	None	None	None	0.67892	-0.00323	-0.08038	-0.72977
 2023-8-14 11:7:41.760	-0.0747	-0.0107	1.0479	0.0	0.0	0.0	6.526	-6.537	-94.504	36.75	-1093	110	-81	None	None	None	None	0.67892	-0.00323	-0.08038	-0.72977
 2023-8-14 11:7:41.760	-0.0747	-0.0107	1.0479	0.0	0.0	0.0	6.526	-6.537	-94.504	36.75	-1093	110	-81	None	None	None	None	0.67892	-0.00323	-0.08038	-0.72977
 2023-8-14 11:7:41.762	-0.0747	-0.0107	1.0479	0.0	0.0	0.0	6.526	-6.537	-94.504	36.75	-1093	110	-81	None	None	None	None	0.67892	-0.00323	-0.08038	-0.72977
 2023-8-14 11:7:41.762	-0.0747	-0.0107	1.0479	0.0	0.0	0.0	6.526	-6.537	-94.504	36.75	-1093	110	-81	None	None	None	None	0.67892	-0.00323	-0.08038	-0.72977
 2023-8-14 11:7:41.764	-0.0747	-0.0107	1.0479	0.0	0.0	0.0	6.526	-6.537	-94.504	36.75	-1093	110	-81	None	None	None	None	0.67892	-0.00323	-0.08038	-0.72977
 2023-8-14 11:7:41.764	-0.0747	-0.0107	1.0479	0.0	0.0	0.0	6.526	-6.537	-94.504	36.75	-1093	110	-81	None	None	None	None	0.67892	-0.00323	-0.08038	-0.72977
 2023-8-14 11:7:41.766	-0.0747	-0.0107	1.0479	0.0	0.0	0.0	6.526	-6.537	-94.504	36.83	-1093	110	-81	None	None	None	None	0.67892	-0.00323	-0.08038	-0.72977
 2023-8-14 11:7:41.766	-0.0747	-0.0107	1.0479	0.0	0.0	0.0	6.526	-6.537	-94.504	36.83	-1093	110	-81	None	None	None	None	0.67892	-0.00323	-0.08038	-0.72977
 2023-8-14 11:7:41.768	-0.0747	-0.0107	1.0479	0.0	0.0	0.0	6.526	-6.537	-94.504	36.83	-1094	110	-82	None	None	None	None	0.67892	-0.00323	-0.08038	-0.72977
 2023-8-14 11:7:41.768	-0.0747	-0.0107	1.0479	0.0	0.0	0.0	6.526	-6.537	-94.504	36.83	-1094	110	-82	None	None	None	None	0.67892	-0.00323	-0.08038	-0.72977
 2023-8-14 11:7:41.770	-0.0747	-0.0107	1.0479	0.0	0.0	0.0	6.526	-6.537	-94.504	36.83	-1094	110	-82	None	None	None	None	0.67892	-0.00323	-0.08038	-0.72977
 2023-8-14 11:7:41.770	-0.0747	-0.0107	1.0479	0.0	0.0	0.0	6.526	-6.537	-94.504	36.83	-1094	110	-82	None	None	None	None	0.67892	-0.00323	-0.08038	-0.72977
 2023-8-14 11:7:41.772	-0.0747	-0.0107	1.0479	0.0	0.0	0.0	6.526	-6.537	-94.504	36.83	-1095	109	-83	None	None	None	None	0.67892	-0.00323	-0.08038	-0.72977
 2023-8-14 11:7:41.772	-0.0747	-0.0107	1.0479	0.0	0.0	0.0	6.526	-6.537	-94.504	36.83	-1095	109	-83	None	None	None	None	0.67892	-0.00323	-0.08038	-0.72977
 2023-8-14 11:7:41.774	-0.0747	-0.0107	1.0479	0.0	0.0	0.0	6.526	-6.537	-94.504	36.83	-1095	109	-83	None	None	None	None	0.67892	-0.00323	-0.08038	-0.72977
 2023-8-14 11:7:41.774	-0.0747	-0.0107	1.0479	0.0	0.0	0.0	6.526	-6.537	-94.504	36.83	-1095	109	-83	None	None	None	None	0.67892	-0.00323	-0.08038	-0.72977
 2023-8-14 11:7:41.776	-0.0747	-0.0107	1.0479	0.0	0.0	0.0	6.526	-6.537	-94.504	36.83	-1096	109	-84	None	None	None	None	0.67892	-0.00323	-0.08038	-0.72977
 2023-8-14 11:7:41.776	-0.0747	-0.0107	1.0479	0.0	0.0	0.0	6.526	-6.537	-94.504	36.83	-1096	109	-84	None	None	None	None	0.67892	-0.00323	-0.08038	-0.72977
 2023-8-14 11:7:41.778	-0.0747	-0.0107	1.0479	0.0	0.0	0.0	6.526	-6.537	-94.504	36.84	-1095	109	-85	None	None	None	None	0.67892	-0.00323	-0.08038	-0.72977
 2023-8-14 11:7:41.778	-0.0747	-0.0107	1.0479	0.0	0.0	0.0	6.526	-6.537	-94.504	36.84	-1095	109	-85	None	None	None	None	0.67892	-0.00323	-0.08038	-0.72977
 2023-8-14 11:7:41.780	-0.0747	-0.0107	1.0479	0.0	0.0	0.0	6.526	-6.537	-94.504	36.84	-1094	108	-86	None	None	None	None	0.67892	-0.00323	-0.08038	-0.72977
 2023-8-14 11:7:41.780	-0.0747	-0.0107	1.0479	0.0	0.0	0.0	6.526	-6.537	-94.504	36.84	-1094	108	-86	None	None	None	None	0.67892	-0.00323	-0.08038	-0.72977
 2023-8-14 11:7:41.782	-0.0747	-0.0107	1.0479	0.0	0.0	0.0	6.526	-6.537	-94.504	36.84	-1094	108	-88	None	None	None	None	0.67892	-0.00323	-0.08038	-0.72977
 2023-8-14 11:7:41.782	-0.0747	-0.0107	1.0479	0.0	0.0	0.0	6.526	-6.537	-94.504	36.84	-1094	108	-88	None	None	None	None	0.67892	-0.00323	-0.08038	-0.72977
 2023-8-14 11:7:41.784	-0.0747	-0.0107	1.0479	0.0	0.0	0.0	6.526	-6.537	-94.504	36.84	-1093	108	-89	None	None	None	None	0.67892	-0.00323	-0.08038	-0.72977
 2023-8-14 11:7:41.784	-0.0747	-0.0107	1.0479	0.0	0.0	0.0	6.526	-6.537	-94.504	36.84	-1093	108	-89	None	None	None	None	0.67892	-0.00323	-0.08038	-0.72977
 2023-8-14 11:7:41.786	-0.0747	-0.0107	1.0479	0.0	0.0	0.0	6.526	-6.537	-94.504	36.84	-1093	108	-89	None	None	None	None	0.67892	-0.00323	-0.08038	-0.72977
 2023-8-14 11:7:41.786	-0.0747	-0.0107	1.0479	0.0	0.0	0.0	6.526	-6.537	-94.504	36.84	-1093	108	-89	None	None	None	None	0.67892	-0.00323	-0.08038	-0.72977
 2023-8-14 11:7:41.788	-0.0747	-0.0107	1.0479	0.0	0.0	0.0	6.526	-6.537	-94.504	36.73	-1093	107	-90	None	None	None	None	0.67892	-0.00323	-0.08038	-0.72977
 2023-8-14 11:7:41.788	-0.0747	-0.0107	1.0479	0.0	0.0	0.0	6.526	-6.537	-94.504	36.73	-1093	107	-90	None	None	None	None	0.67892	-0.00323	-0.08038	-0.72977
 2023-8-14 11:7:41.790	-0.0747	-0.0107	1.0479	0.0	0.0	0.0	6.526	-6.537	-94.504	36.73	-1092	107	-91	None	None	None	None	0.67892	-0.00323	-0.08038	-0.72977
 2023-8-14 11:7:41.790	-0.0747	-0.0107	1.0479	0.0	0.0	0.0	6.526	-6.537	-94.504	36.73	-1092	107	-91	None	None	None	None	0.67892	-0.00323	-0.08038	-0.72977
 2023-8-14 11:7:41.792	-0.0747	-0.0107	1.0479	0.0	0.0	0.0	6.526	-6.537	-94.504	36.73	-1093	108	-90	None	None	None	None	0.67892	-0.00323	-0.08038	-0.72977
 2023-8-14 11:7:41.792	-0.0747	-0.0107	1.0479	0.0	0.0	0.0	6.526	-6.537	-94.504	36.73	-1093	108	-90	None	None	None	None	0.67892	-0.00323	-0.08038	-0.72977
 2023-8-14 11:7:41.794	-0.0747	-0.0107	1.0479	0.0	0.0	0.0	6.526	-6.537	-94.504	36.73	-1093	108	-90	None	None	None	None	0.67892	-0.00323	-0.08038	-0.72977
 2023-8-14 11:7:41.794	-0.0747	-0.0107	1.0479	0.0	0.0	0.0	6.526	-6.537	-94.504	36.73	-1093	108	-90	None	None	None	None	0.67892	-0.00323	-0.08038	-0.72977
 2023-8-14 11:7:41.796	-0.0747	-0.0107	1.0479	0.0	0.0	0.0	6.526	-6.537	-94.504	36.73	-1093	108	-89	None	None	None	None	0.67892	-0.00323	-0.08038	-0.72977
 2023-8-14 11:7:41.796	-0.0747	-0.0107	1.0479	0.0	0.0	0.0	6.526	-6.537	-94.504	36.73	-1093	108	-89	None	None	None	None	0.67892	-0.00323	-0.08038	-0.72977
 2023-8-14 11:7:41.798	-0.0747	-0.0107	1.0479	0.0	0.0	0.0	6.526	-6.537	-94.504	36.73	-1094	108	-89	None	None	None	None	0.67892	-0.00323	-0.08038	-0.72977
 2023-8-14 11:7:41.798	-0.0747	-0.0107	1.0479	0.0	0.0	0.0	6.526	-6.537	-94.504	36.73	-1094	108	-89	None	None	None	None	0.67892	-0.00323	-0.08038	-0.72977
 2023-8-14 11:7:41.800	-0.0747	-0.0107	1.0479	0.0	0.0	0.0	6.526	-6.537	-94.504	36.83	-1094	109	-88	None	None	None	None	0.67892	-0.00323	-0.08038	-0.72977
 2023-8-14 11:7:41.800	-0.0747	-0.0107	1.0479	0.0	0.0	0.0	6.526	-6.537	-94.504	36.83	-1094	109	-88	None	None	None	None	0.67892	-0.00323	-0.08038	-0.72977
 2023-8-14 11:7:41.802	-0.0747	-0.0107	1.0479	0.0	0.0	0.0	6.526	-6.537	-94.504	36.83	-1094	109	-88	None	None	None	None	0.67892	-0.00323	-0.08038	-0.72977
 2023-8-14 11:7:41.802	-0.0747	-0.0107	1.0479	0.0	0.0	0.0	6.526	-6.537	-94.504	36.83	-1094	109	-88	None	None	None	None	0.67892	-0.00323	-0.08038	-0.72977
 2023-8-14 11:7:41.804	-0.0747	-0.0107	1.0479	0.0	0.0	0.0	6.526	-6.537	-94.504	36.83	-1094	109	-87	None	None	None	None	0.67892	-0.00323	-0.08038	-0.72977
 2023-8-14 11:7:41.804	-0.0747	-0.0107	1.0479	0.0	0.0	0.0	6.526	-6.537	-94.504	36.83	-1094	109	-87	None	None	None	None	0.67892	-0.00323	-0.08038	-0.72977
 2023-8-14 11:7:41.806	-0.0747	-0.0107	1.0479	0.0	0.0	0.0	6.526	-6.537	-94.504	36.83	-1093	110	-87	None	None	None	None	0.67892	-0.00323	-0.08038	-0.72977
 2023-8-14 11:7:41.806	-0.0747	-0.0107	1.0479	0.0	0.0	0.0	6.526	-6.537	-94.504	36.83	-1093	110	-87	None	None	None	None	0.67892	-0.00323	-0.08038	-0.72977
 2023-8-14 11:7:41.808	-0.0747	-0.0107	1.0479	0.0	0.0	0.0	6.526	-6.537	-94.504	36.83	-1092	110	-86	None	None	None	None	0.67892	-0.00323	-0.08038	-0.72977
 2023-8-14 11:7:41.808	-0.0747	-0.0107	1.0479	0.0	0.0	0.0	6.526	-6.537	-94.504	36.83	-1092	110	-86	None	None	None	None	0.67892	-0.00323	-0.08038	-0.72977
 2023-8-14 11:7:41.810	-0.0747	-0.0107	1.0479	0.0	0.0	0.0	6.526	-6.537	-94.504	36.83	-1092	110	-85	None	None	None	None	0.67892	-0.00323	-0.08038	-0.72977
 2023-8-14 11:7:41.810	-0.0747	-0.0107	1.0479	0.0	0.0	0.0	6.526	-6.537	-94.504	36.83	-1092	110	-85	None	None	None	None	0.67892	-0.00323	-0.08038	-0.72977
 2023-8-14 11:7:41.812	-0.0747	-0.0107	1.0479	0.0	0.0	0.0	6.526	-6.537	-94.504	36.75	-1092	111	-85	None	None	None	None	0.67892	-0.00323	-0.08038	-0.72977
 2023-8-14 11:7:41.812	-0.0747	-0.0107	1.0479	0.0	0.0	0.0	6.526	-6.537	-94.504	36.75	-1092	111	-85	None	None	None	None	0.67892	-0.00323	-0.08038	-0.72977
 2023-8-14 11:7:41.814	-0.0747	-0.0107	1.0479	0.0	0.0	0.0	6.526	-6.537	-94.504	36.75	-1091	111	-84	None	None	None	None	0.67892	-0.00323	-0.08038	-0.72977
 2023-8-14 11:7:41.814	-0.0747	-0.0107	1.0479	0.0	0.0	0.0	6.526	-6.537	-94.504	36.75	-1091	111	-84	None	None	None	None	0.67892	-0.00323	-0.08038	-0.72977
 2023-8-14 11:7:41.816	-0.0747	-0.0107	1.0479	0.0	0.0	0.0	6.526	-6.537	-94.504	36.75	-1091	111	-84	None	None	None	None	0.67892	-0.00323	-0.08038	-0.72977
 2023-8-14 11:7:41.816	-0.0747	-0.0107	1.0479	0.0	0.0	0.0	6.526	-6.537	-94.504	36.75	-1091	111	-84	None	None	None	None	0.67892	-0.00323	-0.08038	-0.72977
 2023-8-14 11:7:41.818	-0.0747	-0.0107	1.0479	0.0	0.0	0.0	6.526	-6.537	-94.504	36.75	-1091	110	-84	None	None	None	None	0.67892	-0.00323	-0.08038	-0.72977
 2023-8-14 11:7:41.818	-0.0747	-0.0107	1.0479	0.0	0.0	0.0	6.526	-6.537	-94.504	36.75	-1091	110	-84	None	None	None	None	0.67892	-0.00323	-0.08038	-0.72977
 2023-8-14 11:7:41.820	-0.0747	-0.0107	1.0479	0.0	0.0	0.0	6.526	-6.537	-94.504	36.75	-1091	110	-84	None	None	None	None	0.67892	-0.00323	-0.08038	-0.72977
 2023-8-14 11:7:41.820	-0.0747	-0.0107	1.0479	0.0	0.0	0.0	6.526	-6.537	-94.504	36.75	-1091	110	-84	None	None	None	None	0.67892	-0.00323	-0.08038	-0.72977
 2023-8-14 11:7:41.822	-0.0747	-0.0107	1.0479	0.0	0.0	0.0	6.526	-6.537	-94.504	36.75	-1092	109	-84	None	None	None	None	0.67892	-0.00323	-0.08038	-0.72977
 2023-8-14 11:7:41.822	-0.0747	-0.0107	1.0479	0.0	0.0	0.0	6.526	-6.537	-94.504	36.75	-1092	109	-84	None	None	None	None	0.67892	-0.00323	-0.08038	-0.72977
 2023-8-14 11:7:41.824	-0.0747	-0.0107	1.0479	0.0	0.0	0.0	6.526	-6.537	-94.504	36.82	-1092	109	-84	None	None	None	None	0.67892	-0.00323	-0.08038	-0.72977
 2023-8-14 11:7:41.824	-0.0747	-0.0107	1.0479	0.0	0.0	0.0	6.526	-6.537	-94.504	36.82	-1092	109	-84	None	None	None	None	0.67892	-0.00323	-0.08038	-0.72977
 2023-8-14 11:7:41.826	-0.0747	-0.0107	1.0479	0.0	0.0	0.0	6.526	-6.537	-94.504	36.82	-1092	109	-84	None	None	None	None	0.67892	-0.00323	-0.08038	-0.72977
 2023-8-14 11:7:41.826	-0.0747	-0.0107	1.0479	0.0	0.0	0.0	6.526	-6.537	-94.504	36.82	-1092	109	-84	None	None	None	None	0.67892	-0.00323	-0.08038	-0.72977
 2023-8-14 11:7:41.828	-0.0747	-0.0107	1.0479	0.0	0.0	0.0	6.526	-6.537	-94.504	36.82	-1092	109	-84	None	None	None	None	0.67892	-0.00323	-0.08038	-0.72977
 2023-8-14 11:7:41.828	-0.0747	-0.0107	1.0479	0.0	0.0	0.0	6.526	-6.537	-94.504	36.82	-1092	109	-84	None	None	None	None	0.67892	-0.00323	-0.08038	-0.72977
 2023-8-14 11:7:41.830	-0.0747	-0.0107	1.0479	0.0	0.0	0.0	6.526	-6.537	-94.504	36.82	-1092	108	-84	None	None	None	None	0.67892	-0.00323	-0.08038	-0.72977
 2023-8-14 11:7:41.830	-0.0747	-0.0107	1.0479	0.0	0.0	0.0	6.526	-6.537	-94.504	36.82	-1092	108	-84	None	None	None	None	0.67892	-0.00323	-0.08038	-0.72977
 2023-8-14 11:7:41.832	-0.0747	-0.0107	1.0479	0.0	0.0	0.0	6.526	-6.537	-94.504	36.82	-1092	107	-83	None	None	None	None	0.67892	-0.00323	-0.08038	-0.72977
 2023-8-14 11:7:41.832	-0.0747	-0.0107	1.0479	0.0	0.0	0.0	6.526	-6.537	-94.504	36.82	-1092	107	-83	None	None	None	None	0.67892	-0.00323	-0.08038	-0.72977
 2023-8-14 11:7:41.834	-0.0747	-0.0107	1.0479	0.0	0.0	0.0	6.526	-6.537	-94.504	36.81	-1093	107	-83	None	None	None	None	0.67892	-0.00323	-0.08038	-0.72977
 2023-8-14 11:7:41.834	-0.0747	-0.0107	1.0479	0.0	0.0	0.0	6.526	-6.537	-94.504	36.81	-1093	107	-83	None	None	None	None	0.67892	-0.00323	-0.08038	-0.72977
 2023-8-14 11:7:41.836	-0.0747	-0.0107	1.0479	0.0	0.0	0.0	6.526	-6.537	-94.504	36.81	-1093	107	-82	None	None	None	None	0.67892	-0.00323	-0.08038	-0.72977
 2023-8-14 11:7:41.836	-0.0747	-0.0107	1.0479	0.0	0.0	0.0	6.526	-6.537	-94.504	36.81	-1093	107	-82	None	None	None	None	0.67892	-0.00323	-0.08038	-0.72977
 2023-8-14 11:7:41.838	-0.0747	-0.0107	1.0479	0.0	0.0	0.0	6.526	-6.537	-94.504	36.81	-1093	107	-82	None	None	None	None	0.67892	-0.00323	-0.08038	-0.72977
 2023-8-14 11:7:41.840	-0.0747	-0.0107	1.0479	0.0	0.0	0.0	6.526	-6.537	-94.504	36.81	-1093	106	-82	None	None	None	None	0.67892	-0.00323	-0.08038	-0.72977
 2023-8-14 11:7:41.840	-0.0747	-0.0107	1.0479	0.0	0.0	0.0	6.526	-6.537	-94.504	36.81	-1093	106	-82	None	None	None	None	0.67892	-0.00323	-0.08038	-0.72977
 2023-8-14 11:7:41.842	-0.0747	-0.0107	1.0479	0.0	0.0	0.0	6.526	-6.537	-94.504	36.81	-1093	106	-82	None	None	None	None	0.67892	-0.00323	-0.08038	-0.72977
 2023-8-14 11:7:41.842	-0.0747	-0.0107	1.0479	0.0	0.0	0.0	6.526	-6.537	-94.504	36.81	-1093	106	-82	None	None	None	None	0.67892	-0.00323	-0.08038	-0.72977
 2023-8-14 11:7:41.844	-0.0747	-0.0107	1.0479	0.0	0.0	0.0	6.526	-6.537	-94.504	36.81	-1093	106	-82	None	None	None	None	0.67892	-0.00323	-0.08038	-0.72977
 2023-8-14 11:7:41.844	-0.0747	-0.0107	1.0479	0.0	0.0	0.0	6.526	-6.537	-94.504	36.81	-1093	106	-82	None	None	None	None	0.67892	-0.00323	-0.08038	-0.72977
 2023-8-14 11:7:41.846	-0.0747	-0.0107	1.0479	0.0	0.0	0.0	6.526	-6.537	-94.504	36.84	-1093	106	-82	None	None	None	None	0.67892	-0.00323	-0.08038	-0.72977
 2023-8-14 11:7:41.846	-0.0747	-0.0107	1.0479	0.0	0.0	0.0	6.526	-6.537	-94.504	36.84	-1093	106	-82	None	None	None	None	0.67892	-0.00323	-0.08038	-0.72977
 2023-8-14 11:7:41.848	-0.0747	-0.0107	1.0479	0.0	0.0	0.0	6.526	-6.537	-94.504	36.84	-1093	106	-82	None	None	None	None	0.67892	-0.00323	-0.08038	-0.72977
 2023-8-14 11:7:41.848	-0.0747	-0.0107	1.0479	0.0	0.0	0.0	6.526	-6.537	-94.504	36.84	-1093	106	-82	None	None	None	None	0.67892	-0.00323	-0.08038	-0.72977
 2023-8-14 11:7:41.850	-0.0747	-0.0107	1.0479	0.0	0.0	0.0	6.526	-6.537	-94.504	36.84	-1093	106	-82	None	None	None	None	0.67892	-0.00323	-0.08038	-0.72977
 2023-8-14 11:7:41.850	-0.0747	-0.0107	1.0479	0.0	0.0	0.0	6.526	-6.537	-94.504	36.84	-1093	106	-82	None	None	None	None	0.67892	-0.00323	-0.08038	-0.72977
 2023-8-14 11:7:41.852	-0.0747	-0.0107	1.0479	0.0	0.0	0.0	6.526	-6.537	-94.504	36.84	-1093	106	-82	None	None	None	None	0.67892	-0.00323	-0.08038	-0.72977
 2023-8-14 11:7:41.852	-0.0747	-0.0107	1.0479	0.0	0.0	0.0	6.526	-6.537	-94.504	36.84	-1093	106	-82	None	None	None	None	0.67892	-0.00323	-0.08038	-0.72977
 2023-8-14 11:7:41.854	-0.0747	-0.0107	1.0479	0.0	0.0	0.0	6.526	-6.537	-94.504	36.84	-1093	107	-82	None	None	None	None	0.67892	-0.00323	-0.08038	-0.72977
 2023-8-14 11:7:41.854	-0.0747	-0.0107	1.0479	0.0	0.0	0.0	6.526	-6.537	-94.504	36.84	-1093	107	-82	None	None	None	None	0.67892	-0.00323	-0.08038	-0.72977
 2023-8-14 11:7:41.856	-0.0747	-0.0107	1.0479	0.0	0.0	0.0	6.526	-6.537	-94.504	36.84	-1093	107	-82	None	None	None	None	0.67892	-0.00323	-0.08038	-0.72977
 2023-8-14 11:7:41.856	-0.0747	-0.0107	1.0479	0.0	0.0	0.0	6.526	-6.537	-94.504	36.84	-1093	107	-82	None	None	None	None	0.67892	-0.00323	-0.08038	-0.72977
 2023-8-14 11:7:41.858	-0.0747	-0.0107	1.0479	0.0	0.0	0.0	6.526	-6.537	-94.504	36.81	-1093	107	-82	None	None	None	None	0.67892	-0.00323	-0.08038	-0.72977
 2023-8-14 11:7:41.858	-0.0747	-0.0107	1.0479	0.0	0.0	0.0	6.526	-6.537	-94.504	36.81	-1093	107	-82	None	None	None	None	0.67892	-0.00323	-0.08038	-0.72977
 2023-8-14 11:7:41.860	-0.0747	-0.0107	1.0479	0.0	0.0	0.0	6.526	-6.537	-94.504	36.81	-1093	108	-82	None	None	None	None	0.67892	-0.00323	-0.08038	-0.72977
 2023-8-14 11:7:41.860	-0.0747	-0.0107	1.0479	0.0	0.0	0.0	6.526	-6.537	-94.504	36.81	-1093	108	-82	None	None	None	None	0.67892	-0.00323	-0.08038	-0.72977
 2023-8-14 11:7:41.862	-0.0747	-0.0107	1.0479	0.0	0.0	0.0	6.526	-6.537	-94.504	36.81	-1094	108	-82	None	None	None	None	0.67892	-0.00323	-0.08038	-0.72977
 2023-8-14 11:7:41.862	-0.0747	-0.0107	1.0479	0.0	0.0	0.0	6.526	-6.537	-94.504	36.81	-1094	108	-82	None	None	None	None	0.67892	-0.00323	-0.08038	-0.72977
 2023-8-14 11:7:41.864	-0.0747	-0.0107	1.0479	0.0	0.0	0.0	6.526	-6.537	-94.504	36.81	-1094	108	-82	None	None	None	None	0.67892	-0.00323	-0.08038	-0.72977
 2023-8-14 11:7:41.864	-0.0747	-0.0107	1.0479	0.0	0.0	0.0	6.526	-6.537	-94.504	36.81	-1094	108	-82	None	None	None	None	0.67892	-0.00323	-0.08038	-0.72977
 2023-8-14 11:7:41.866	-0.0747	-0.0107	1.0479	0.0	0.0	0.0	6.526	-6.537	-94.504	36.81	-1093	109	-82	None	None	None	None	0.67892	-0.00323	-0.08038	-0.72977
 2023-8-14 11:7:41.866	-0.0747	-0.0107	1.0479	0.0	0.0	0.0	6.526	-6.537	-94.504	36.81	-1093	109	-82	None	None	None	None	0.67892	-0.00323	-0.08038	-0.72977
 2023-8-14 11:7:41.868	-0.0747	-0.0107	1.0479	0.0	0.0	0.0	6.526	-6.537	-94.504	36.79	-1093	110	-83	None	None	None	None	0.67892	-0.00323	-0.08038	-0.72977
 2023-8-14 11:7:41.868	-0.0747	-0.0107	1.0479	0.0	0.0	0.0	6.526	-6.537	-94.504	36.79	-1093	110	-83	None	None	None	None	0.67892	-0.00323	-0.08038	-0.72977
 2023-8-14 11:7:41.870	-0.0747	-0.0107	1.0479	0.0	0.0	0.0	6.526	-6.537	-94.504	36.79	-1092	110	-84	None	None	None	None	0.67892	-0.00323	-0.08038	-0.72977
 2023-8-14 11:7:41.870	-0.0747	-0.0107	1.0479	0.0	0.0	0.0	6.526	-6.537	-94.504	36.79	-1092	110	-84	None	None	None	None	0.67892	-0.00323	-0.08038	-0.72977
 2023-8-14 11:7:41.872	-0.0747	-0.0107	1.0479	0.0	0.0	0.0	6.526	-6.537	-94.504	36.79	-1092	111	-84	None	None	None	None	0.67892	-0.00323	-0.08038	-0.72977
 2023-8-14 11:7:41.872	-0.0747	-0.0107	1.0479	0.0	0.0	0.0	6.526	-6.537	-94.504	36.79	-1092	111	-84	None	None	None	None	0.67892	-0.00323	-0.08038	-0.72977
 2023-8-14 11:7:41.874	-0.0747	-0.0107	1.0479	0.0	0.0	0.0	6.526	-6.537	-94.504	36.79	-1092	111	-85	None	None	None	None	0.67892	-0.00323	-0.08038	-0.72977
 2023-8-14 11:7:41.874	-0.0747	-0.0107	1.0479	0.0	0.0	0.0	6.526	-6.537	-94.504	36.79	-1092	111	-85	None	None	None	None	0.67892	-0.00323	-0.08038	-0.72977
 2023-8-14 11:7:41.876	-0.0747	-0.0107	1.0479	0.0	0.0	0.0	6.526	-6.537	-94.504	36.79	-1092	112	-85	None	None	None	None	0.67892	-0.00323	-0.08038	-0.72977
 2023-8-14 11:7:41.876	-0.0747	-0.0107	1.0479	0.0	0.0	0.0	6.526	-6.537	-94.504	36.79	-1092	112	-85	None	None	None	None	0.67892	-0.00323	-0.08038	-0.72977
 2023-8-14 11:7:41.878	-0.0747	-0.0107	1.0479	0.0	0.0	0.0	6.526	-6.537	-94.504	36.79	-1091	112	-86	None	None	None	None	0.67892	-0.00323	-0.08038	-0.72977
 2023-8-14 11:7:41.878	-0.0747	-0.0107	1.0479	0.0	0.0	0.0	6.526	-6.537	-94.504	36.79	-1091	112	-86	None	None	None	None	0.67892	-0.00323	-0.08038	-0.72977
 2023-8-14 11:7:41.880	-0.0747	-0.0103	1.0479	0.0	0.0	0.0	6.526	-6.537	-94.504	36.82	-1091	112	-84	None	None	None	None	0.67892	-0.00323	-0.08038	-0.72977
 2023-8-14 11:7:41.880	-0.0747	-0.0103	1.0479	0.0	0.0	0.0	6.526	-6.537	-94.504	36.82	-1091	112	-84	None	None	None	None	0.67892	-0.00323	-0.08038	-0.72977
 2023-8-14 11:7:41.882	-0.0747	-0.0103	1.0479	0.0	0.0	0.0	6.526	-6.537	-94.504	36.82	-1091	111	-83	None	None	None	None	0.67892	-0.00323	-0.08038	-0.72977
 2023-8-14 11:7:41.882	-0.0747	-0.0103	1.0479	0.0	0.0	0.0	6.526	-6.537	-94.504	36.82	-1091	111	-83	None	None	None	None	0.67892	-0.00323	-0.08038	-0.72977
 2023-8-14 11:7:41.884	-0.0747	-0.0103	1.0479	0.0	0.0	0.0	6.526	-6.537	-94.504	36.82	-1091	111	-82	None	None	None	None	0.67892	-0.00323	-0.08038	-0.72977
 2023-8-14 11:7:41.884	-0.0747	-0.0103	1.0479	0.0	0.0	0.0	6.526	-6.537	-94.504	36.82	-1091	111	-82	None	None	None	None	0.67892	-0.00323	-0.08038	-0.72977
 2023-8-14 11:7:41.886	-0.0747	-0.0103	1.0479	0.0	0.0	0.0	6.526	-6.537	-94.504	36.82	-1090	110	-81	None	None	None	None	0.67892	-0.00323	-0.08038	-0.72977
 2023-8-14 11:7:41.886	-0.0747	-0.0103	1.0479	0.0	0.0	0.0	6.526	-6.537	-94.504	36.82	-1090	110	-81	None	None	None	None	0.67892	-0.00323	-0.08038	-0.72977
 2023-8-14 11:7:41.888	-0.0747	-0.0103	1.0479	0.0	0.0	0.0	6.526	-6.537	-94.504	36.82	-1090	110	-80	None	None	None	None	0.67892	-0.00323	-0.08038	-0.72977
 2023-8-14 11:7:41.888	-0.0747	-0.0103	1.0479	0.0	0.0	0.0	6.526	-6.537	-94.504	36.82	-1090	110	-80	None	None	None	None	0.67892	-0.00323	-0.08038	-0.72977
 2023-8-14 11:7:41.890	-0.0747	-0.0103	1.0479	0.0	0.0	0.0	6.526	-6.537	-94.504	36.82	-1090	110	-80	None	None	None	None	0.67892	-0.00323	-0.08038	-0.72977
 2023-8-14 11:7:41.890	-0.0747	-0.0103	1.0479	0.0	0.0	0.0	6.526	-6.537	-94.504	36.82	-1090	110	-80	None	None	None	None	0.67892	-0.00323	-0.08038	-0.72977
 2023-8-14 11:7:41.892	-0.0747	-0.0103	1.0479	0.0	0.0	0.0	6.526	-6.537	-94.504	36.78	-1091	110	-80	None	None	None	None	0.67892	-0.00323	-0.08038	-0.72977
 2023-8-14 11:7:41.892	-0.0747	-0.0103	1.0479	0.0	0.0	0.0	6.526	-6.537	-94.504	36.78	-1091	110	-80	None	None	None	None	0.67892	-0.00323	-0.08038	-0.72974
 2023-8-14 11:7:41.894	-0.0747	-0.0103	1.0479	0.0	0.0	0.0	6.526	-6.537	-94.504	36.78	-1091	110	-80	None	None	None	None	0.67892	-0.00323	-0.08038	-0.72974
 2023-8-14 11:7:41.894	-0.0747	-0.0103	1.0479	0.0	0.0	0.0	6.526	-6.537	-94.504	36.78	-1091	110	-80	None	None	None	None	0.67892	-0.00323	-0.08038	-0.72974
 2023-8-14 11:7:41.896	-0.0747	-0.0103	1.0479	0.0	0.0	0.0	6.526	-6.537	-94.504	36.78	-1091	110	-80	None	None	None	None	0.67892	-0.00323	-0.08038	-0.72974
 2023-8-14 11:7:41.896	-0.0747	-0.0103	1.0479	0.0	0.0	0.0	6.526	-6.537	-94.504	36.78	-1091	110	-80	None	None	None	None	0.67892	-0.00323	-0.08038	-0.72974
 2023-8-14 11:7:41.898	-0.0747	-0.0103	1.0479	0.0	0.0	0.0	6.526	-6.537	-94.504	36.78	-1092	110	-80	None	None	None	None	0.67892	-0.00323	-0.08038	-0.72974
 2023-8-14 11:7:41.898	-0.0747	-0.0103	1.0479	0.0	0.0	0.0	6.526	-6.537	-94.504	36.78	-1092	110	-80	None	None	None	None	0.67892	-0.00323	-0.08038	-0.72974
 2023-8-14 11:7:41.900	-0.0747	-0.0103	1.0479	0.0	0.0	0.0	6.526	-6.537	-94.504	36.78	-1092	110	-80	None	None	None	None	0.67892	-0.00323	-0.08038	-0.72974
 2023-8-14 11:7:41.900	-0.0747	-0.0103	1.0479	0.0	0.0	0.0	6.526	-6.537	-94.504	36.78	-1092	110	-80	None	None	None	None	0.67892	-0.00323	-0.08038	-0.72974
 2023-8-14 11:7:41.902	-0.0747	-0.0103	1.0479	0.0	0.0	0.0	6.526	-6.537	-94.504	36.78	-1092	110	-80	None	None	None	None	0.67892	-0.00323	-0.08038	-0.72974
 2023-8-14 11:7:41.902	-0.0747	-0.0103	1.0479	0.0	0.0	0.0	6.526	-6.537	-94.504	36.78	-1092	110	-80	None	None	None	None	0.67892	-0.00323	-0.08038	-0.72974
 2023-8-14 11:7:41.904	-0.0747	-0.0103	1.0479	0.0	0.0	0.0	6.526	-6.537	-94.504	36.87	-1092	110	-79	None	None	None	None	0.67892	-0.00323	-0.08038	-0.72974
 2023-8-14 11:7:41.904	-0.0747	-0.0103	1.0479	0.0	0.0	0.0	6.526	-6.537	-94.504	36.87	-1092	110	-79	None	None	None	None	0.67892	-0.00323	-0.08038	-0.72974
 2023-8-14 11:7:41.906	-0.0747	-0.0103	1.0479	0.0	0.0	0.0	6.526	-6.537	-94.504	36.87	-1092	110	-78	None	None	None	None	0.67892	-0.00323	-0.08038	-0.72974
 2023-8-14 11:7:41.906	-0.0747	-0.0103	1.0479	0.0	0.0	0.0	6.526	-6.537	-94.504	36.87	-1092	110	-78	None	None	None	None	0.67892	-0.00323	-0.08038	-0.72974
 2023-8-14 11:7:41.908	-0.0747	-0.0103	1.0479	0.0	0.0	0.0	6.526	-6.537	-94.504	36.87	-1092	110	-77	None	None	None	None	0.67892	-0.00323	-0.08038	-0.72974
 2023-8-14 11:7:41.908	-0.0747	-0.0103	1.0479	0.0	0.0	0.0	6.526	-6.537	-94.504	36.87	-1092	110	-77	None	None	None	None	0.67892	-0.00323	-0.08038	-0.72974
 2023-8-14 11:7:41.910	-0.0747	-0.0103	1.0479	0.0	0.0	0.0	6.526	-6.537	-94.504	36.87	-1092	110	-76	None	None	None	None	0.67892	-0.00323	-0.08038	-0.72974
 2023-8-14 11:7:41.910	-0.0747	-0.0103	1.0479	0.0	0.0	0.0	6.526	-6.537	-94.504	36.87	-1092	110	-76	None	None	None	None	0.67892	-0.00323	-0.08038	-0.72974
 2023-8-14 11:7:41.912	-0.0747	-0.0103	1.0479	0.0	0.0	0.0	6.526	-6.537	-94.504	36.87	-1092	110	-75	None	None	None	None	0.67892	-0.00323	-0.08038	-0.72974
 2023-8-14 11:7:41.912	-0.0747	-0.0103	1.0479	0.0	0.0	0.0	6.526	-6.537	-94.504	36.87	-1092	110	-75	None	None	None	None	0.67892	-0.00323	-0.08038	-0.72974
 2023-8-14 11:7:41.914	-0.0747	-0.0103	1.0479	0.0	0.0	0.0	6.526	-6.537	-94.499	36.81	-1092	110	-74	None	None	None	None	0.67892	-0.00323	-0.08038	-0.72974
 2023-8-14 11:7:41.914	-0.0747	-0.0103	1.0479	0.0	0.0	0.0	6.526	-6.537	-94.499	36.81	-1092	110	-74	None	None	None	None	0.67892	-0.00323	-0.08038	-0.72974
 2023-8-14 11:7:41.916	-0.0747	-0.0103	1.0479	0.0	0.0	0.0	6.526	-6.537	-94.499	36.81	-1092	110	-74	None	None	None	None	0.67892	-0.00323	-0.08038	-0.72974
 2023-8-14 11:7:41.916	-0.0747	-0.0103	1.0479	0.0	0.0	0.0	6.526	-6.537	-94.499	36.81	-1092	110	-74	None	None	None	None	0.67892	-0.00323	-0.08038	-0.72974
 2023-8-14 11:7:41.918	-0.0747	-0.0103	1.0479	0.0	0.0	0.0	6.526	-6.537	-94.499	36.81	-1092	110	-74	None	None	None	None	0.67892	-0.00323	-0.08038	-0.72974
 2023-8-14 11:7:41.918	-0.0747	-0.0103	1.0479	0.0	0.0	0.0	6.526	-6.537	-94.499	36.81	-1092	110	-74	None	None	None	None	0.67892	-0.00323	-0.08038	-0.72974
 2023-8-14 11:7:41.920	-0.0742	-0.0098	1.0479	0.0	0.0	0.0	6.526	-6.537	-94.499	36.81	-1091	110	-74	None	None	None	None	0.67892	-0.00323	-0.08038	-0.72974
 2023-8-14 11:7:41.920	-0.0742	-0.0098	1.0479	0.0	0.0	0.0	6.526	-6.537	-94.499	36.81	-1091	110	-74	None	None	None	None	0.67896	-0.00323	-0.08038	-0.72974
 2023-8-14 11:7:41.922	-0.0742	-0.0098	1.0479	0.0	0.0	0.0	6.526	-6.537	-94.499	36.81	-1091	110	-74	None	None	None	None	0.67896	-0.00323	-0.08038	-0.72974
 2023-8-14 11:7:41.922	-0.0742	-0.0098	1.0479	0.0	0.0	0.0	6.526	-6.537	-94.499	36.81	-1091	110	-74	None	None	None	None	0.67896	-0.00323	-0.08038	-0.72974
 2023-8-14 11:7:41.924	-0.0742	-0.0098	1.0479	0.0	0.0	0.0	6.526	-6.537	-94.499	36.81	-1091	110	-74	None	None	None	None	0.67896	-0.00323	-0.08038	-0.72974
 2023-8-14 11:7:41.924	-0.0742	-0.0098	1.0479	0.0	0.0	0.0	6.526	-6.537	-94.499	36.81	-1091	110	-74	None	None	None	None	0.67896	-0.00323	-0.08038	-0.72974
 2023-8-14 11:7:41.926	-0.0742	-0.0098	1.0479	0.0	0.0	0.0	6.526	-6.537	-94.499	36.74	-1091	110	-74	None	None	None	None	0.67896	-0.00323	-0.08038	-0.72974
 2023-8-14 11:7:41.926	-0.0742	-0.0098	1.0479	0.0	0.0	0.0	6.526	-6.537	-94.499	36.74	-1091	110	-74	None	None	None	None	0.67896	-0.00323	-0.08038	-0.72974
 2023-8-14 11:7:41.928	-0.0742	-0.0098	1.0479	0.0	0.0	0.0	6.526	-6.537	-94.499	36.74	-1091	110	-75	None	None	None	None	0.67896	-0.00323	-0.08038	-0.72974
 2023-8-14 11:7:41.928	-0.0742	-0.0098	1.0479	0.0	0.0	0.0	6.526	-6.537	-94.499	36.74	-1091	110	-75	None	None	None	None	0.67896	-0.00323	-0.08038	-0.72974
 2023-8-14 11:7:41.930	-0.0742	-0.0098	1.0479	0.0	0.0	0.0	6.526	-6.537	-94.499	36.74	-1090	109	-75	None	None	None	None	0.67896	-0.00323	-0.08038	-0.72974
 2023-8-14 11:7:41.930	-0.0742	-0.0098	1.0479	0.0	0.0	0.0	6.526	-6.537	-94.499	36.74	-1090	109	-75	None	None	None	None	0.67896	-0.00323	-0.08038	-0.72974
 2023-8-14 11:7:41.932	-0.0742	-0.0098	1.0479	0.0	0.0	0.0	6.526	-6.537	-94.499	36.74	-1090	109	-75	None	None	None	None	0.67896	-0.00323	-0.08038	-0.72974
 2023-8-14 11:7:41.932	-0.0742	-0.0098	1.0479	0.0	0.0	0.0	6.526	-6.537	-94.499	36.74	-1090	109	-75	None	None	None	None	0.67896	-0.00323	-0.08038	-0.72974
 2023-8-14 11:7:41.934	-0.0742	-0.0098	1.0479	0.0	0.0	0.0	6.526	-6.537	-94.499	36.74	-1089	108	-75	None	None	None	None	0.67896	-0.00323	-0.08038	-0.72974
 2023-8-14 11:7:41.934	-0.0742	-0.0098	1.0479	0.0	0.0	0.0	6.526	-6.537	-94.499	36.74	-1089	108	-75	None	None	None	None	0.67896	-0.00323	-0.08038	-0.72974
 2023-8-14 11:7:41.936	-0.0742	-0.0098	1.0479	0.0	0.0	0.0	6.526	-6.537	-94.499	36.74	-1089	108	-75	None	None	None	None	0.67896	-0.00323	-0.08038	-0.72974
 2023-8-14 11:7:41.936	-0.0742	-0.0098	1.0479	0.0	0.0	0.0	6.526	-6.537	-94.499	36.74	-1089	108	-75	None	None	None	None	0.67896	-0.00323	-0.08038	-0.72974
 2023-8-14 11:7:41.938	-0.0742	-0.0098	1.0479	0.0	0.0	0.0	6.526	-6.537	-94.499	36.82	-1088	107	-75	None	None	None	None	0.67896	-0.00323	-0.08038	-0.72974
 2023-8-14 11:7:41.938	-0.0742	-0.0098	1.0479	0.0	0.0	0.0	6.526	-6.537	-94.499	36.82	-1088	107	-75	None	None	None	None	0.67896	-0.00323	-0.08038	-0.72974
 2023-8-14 11:7:41.940	-0.0742	-0.0098	1.0479	0.0	0.0	0.0	6.526	-6.537	-94.499	36.82	-1088	107	-75	None	None	None	None	0.67896	-0.00323	-0.08038	-0.72974
 2023-8-14 11:7:41.940	-0.0742	-0.0098	1.0479	0.0	0.0	0.0	6.526	-6.537	-94.499	36.82	-1088	107	-75	None	None	None	None	0.67896	-0.00323	-0.08038	-0.72974
 2023-8-14 11:7:41.942	-0.0742	-0.0098	1.0479	0.0	0.0	0.0	6.526	-6.537	-94.499	36.82	-1088	107	-76	None	None	None	None	0.67896	-0.00323	-0.08038	-0.72974
 2023-8-14 11:7:41.942	-0.0742	-0.0098	1.0479	0.0	0.0	0.0	6.526	-6.537	-94.499	36.82	-1088	107	-76	None	None	None	None	0.67896	-0.00323	-0.08038	-0.72974
 2023-8-14 11:7:41.944	-0.0742	-0.0098	1.0479	0.0	0.0	0.0	6.526	-6.537	-94.499	36.82	-1088	107	-76	None	None	None	None	0.67896	-0.00323	-0.08038	-0.72974
 2023-8-14 11:7:41.944	-0.0742	-0.0098	1.0479	0.0	0.0	0.0	6.526	-6.537	-94.499	36.82	-1088	107	-76	None	None	None	None	0.67896	-0.00323	-0.08038	-0.72974
 2023-8-14 11:7:41.946	-0.0742	-0.0098	1.0479	0.0	0.0	0.0	6.526	-6.537	-94.499	36.82	-1087	107	-76	None	None	None	None	0.67896	-0.00323	-0.08038	-0.72974
 2023-8-14 11:7:41.946	-0.0742	-0.0098	1.0479	0.0	0.0	0.0	6.526	-6.537	-94.499	36.82	-1087	107	-76	None	None	None	None	0.67896	-0.00323	-0.08038	-0.72974
 2023-8-14 11:7:41.948	-0.0742	-0.0098	1.0479	0.0	0.0	0.0	6.526	-6.537	-94.499	36.71	-1087	107	-77	None	None	None	None	0.67896	-0.00323	-0.08038	-0.72974
 2023-8-14 11:7:41.948	-0.0742	-0.0098	1.0479	0.0	0.0	0.0	6.526	-6.537	-94.499	36.71	-1087	107	-77	None	None	None	None	0.67896	-0.00323	-0.08038	-0.72974
 2023-8-14 11:7:41.950	-0.0742	-0.0098	1.0479	0.0	0.0	0.0	6.526	-6.537	-94.499	36.71	-1087	107	-77	None	None	None	None	0.67896	-0.00323	-0.08038	-0.72974
 2023-8-14 11:7:41.950	-0.0742	-0.0098	1.0479	0.0	0.0	0.0	6.526	-6.537	-94.499	36.71	-1087	107	-77	None	None	None	None	0.67896	-0.00323	-0.08038	-0.72974
 2023-8-14 11:7:41.952	-0.0742	-0.0098	1.0479	0.0	0.0	0.0	6.526	-6.537	-94.499	36.71	-1087	107	-78	None	None	None	None	0.67896	-0.00323	-0.08038	-0.72974
 2023-8-14 11:7:41.952	-0.0742	-0.0098	1.0479	0.0	0.0	0.0	6.526	-6.537	-94.499	36.71	-1087	107	-78	None	None	None	None	0.67896	-0.00323	-0.08038	-0.72974
 2023-8-14 11:7:41.954	-0.0742	-0.0098	1.0479	0.0	0.0	0.0	6.526	-6.537	-94.499	36.71	-1087	107	-78	None	None	None	None	0.67896	-0.00323	-0.08038	-0.72974
 2023-8-14 11:7:41.954	-0.0742	-0.0098	1.0479	0.0	0.0	0.0	6.526	-6.537	-94.499	36.71	-1087	107	-78	None	None	None	None	0.67896	-0.00323	-0.08038	-0.72974
 2023-8-14 11:7:41.956	-0.0742	-0.0098	1.0479	0.0	0.0	0.0	6.526	-6.537	-94.499	36.71	-1087	106	-79	None	None	None	None	0.67896	-0.00323	-0.08038	-0.72974
 2023-8-14 11:7:41.956	-0.0742	-0.0098	1.0479	0.0	0.0	0.0	6.526	-6.537	-94.499	36.71	-1087	106	-79	None	None	None	None	0.67896	-0.00323	-0.08038	-0.72974
 2023-8-14 11:7:41.958	-0.0742	-0.0098	1.0479	0.0	0.0	0.0	6.526	-6.537	-94.499	36.71	-1088	106	-79	None	None	None	None	0.67896	-0.00323	-0.08038	-0.72974
 2023-8-14 11:7:41.958	-0.0742	-0.0098	1.0479	0.0	0.0	0.0	6.526	-6.537	-94.499	36.71	-1088	106	-79	None	None	None	None	0.67896	-0.00323	-0.08038	-0.72974
 2023-8-14 11:7:41.960	-0.0737	-0.0098	1.0479	0.0	0.0	0.0	6.526	-6.537	-94.499	36.83	-1088	106	-80	None	None	None	None	0.67896	-0.00323	-0.08038	-0.72974
 2023-8-14 11:7:41.960	-0.0737	-0.0098	1.0479	0.0	0.0	0.0	6.526	-6.537	-94.499	36.83	-1088	106	-80	None	None	None	None	0.67892	-0.00323	-0.08038	-0.72974
 2023-8-14 11:7:41.962	-0.0737	-0.0098	1.0479	0.0	0.0	0.0	6.526	-6.537	-94.499	36.83	-1088	106	-80	None	None	None	None	0.67892	-0.00323	-0.08038	-0.72974
 2023-8-14 11:7:41.962	-0.0737	-0.0098	1.0479	0.0	0.0	0.0	6.526	-6.537	-94.499	36.83	-1088	106	-80	None	None	None	None	0.67892	-0.00323	-0.08038	-0.72974
 2023-8-14 11:7:41.964	-0.0737	-0.0098	1.0479	0.0	0.0	0.0	6.526	-6.537	-94.499	36.83	-1088	106	-81	None	None	None	None	0.67892	-0.00323	-0.08038	-0.72974
 2023-8-14 11:7:41.964	-0.0737	-0.0098	1.0479	0.0	0.0	0.0	6.526	-6.537	-94.499	36.83	-1088	106	-81	None	None	None	None	0.67892	-0.00323	-0.08041	-0.72974
 2023-8-14 11:7:41.966	-0.0737	-0.0098	1.0479	0.0	0.0	0.0	6.526	-6.537	-94.504	36.83	-1088	106	-81	None	None	None	None	0.67892	-0.00323	-0.08041	-0.72974
 2023-8-14 11:7:41.966	-0.0737	-0.0098	1.0479	0.0	0.0	0.0	6.526	-6.537	-94.504	36.83	-1088	106	-81	None	None	None	None	0.67892	-0.00323	-0.08041	-0.72974
 2023-8-14 11:7:41.968	-0.0737	-0.0098	1.0479	0.0	0.0	0.0	6.526	-6.537	-94.504	36.83	-1088	106	-82	None	None	None	None	0.67892	-0.00323	-0.08041	-0.72974
 2023-8-14 11:7:41.968	-0.0737	-0.0098	1.0479	0.0	0.0	0.0	6.526	-6.537	-94.504	36.83	-1088	106	-82	None	None	None	None	0.67892	-0.00323	-0.08041	-0.72974
 2023-8-14 11:7:41.970	-0.0737	-0.0098	1.0479	0.0	0.0	0.0	6.526	-6.537	-94.504	36.83	-1088	106	-82	None	None	None	None	0.67892	-0.00323	-0.08041	-0.72974
 2023-8-14 11:7:41.970	-0.0737	-0.0098	1.0479	0.0	0.0	0.0	6.526	-6.537	-94.504	36.83	-1088	106	-82	None	None	None	None	0.67892	-0.00323	-0.08041	-0.72974
 2023-8-14 11:7:41.972	-0.0737	-0.0098	1.0479	0.0	0.0	0.0	6.526	-6.537	-94.504	36.78	-1088	106	-83	None	None	None	None	0.67892	-0.00323	-0.08041	-0.72974
 2023-8-14 11:7:41.972	-0.0737	-0.0098	1.0479	0.0	0.0	0.0	6.526	-6.537	-94.504	36.78	-1088	106	-83	None	None	None	None	0.67892	-0.00323	-0.08041	-0.72974
 2023-8-14 11:7:41.974	-0.0737	-0.0098	1.0479	0.0	0.0	0.0	6.526	-6.537	-94.504	36.78	-1088	107	-83	None	None	None	None	0.67892	-0.00323	-0.08041	-0.72974
 2023-8-14 11:7:41.974	-0.0737	-0.0098	1.0479	0.0	0.0	0.0	6.526	-6.537	-94.504	36.78	-1088	107	-83	None	None	None	None	0.67892	-0.00323	-0.08041	-0.72974
 2023-8-14 11:7:41.976	-0.0737	-0.0098	1.0479	0.0	0.0	0.0	6.526	-6.542	-94.504	36.78	-1088	107	-84	None	None	None	None	0.67892	-0.00323	-0.08041	-0.72974
 2023-8-14 11:7:41.976	-0.0737	-0.0098	1.0479	0.0	0.0	0.0	6.526	-6.542	-94.504	36.78	-1088	107	-84	None	None	None	None	0.67892	-0.00323	-0.08041	-0.72974
 2023-8-14 11:7:41.978	-0.0737	-0.0098	1.0479	0.0	0.0	0.0	6.526	-6.542	-94.504	36.78	-1087	107	-84	None	None	None	None	0.67892	-0.00323	-0.08041	-0.72974
 2023-8-14 11:7:41.978	-0.0737	-0.0098	1.0479	0.0	0.0	0.0	6.526	-6.542	-94.504	36.78	-1087	107	-84	None	None	None	None	0.67892	-0.00323	-0.08041	-0.72974
 2023-8-14 11:7:41.980	-0.0737	-0.0098	1.0479	0.0	0.0	0.0	6.526	-6.542	-94.504	36.78	-1087	108	-85	None	None	None	None	0.67892	-0.00323	-0.08041	-0.72974
 2023-8-14 11:7:41.980	-0.0737	-0.0098	1.0479	0.0	0.0	0.0	6.526	-6.542	-94.504	36.78	-1087	108	-85	None	None	None	None	0.67892	-0.00323	-0.08041	-0.72974
 2023-8-14 11:7:41.982	-0.0737	-0.0098	1.0479	0.0	0.0	0.0	6.526	-6.542	-94.504	36.78	-1087	108	-85	None	None	None	None	0.67892	-0.00323	-0.08041	-0.72974
 2023-8-14 11:7:41.982	-0.0737	-0.0098	1.0479	0.0	0.0	0.0	6.526	-6.542	-94.504	36.78	-1087	108	-85	None	None	None	None	0.67892	-0.00323	-0.08041	-0.72974
 2023-8-14 11:7:41.984	-0.0737	-0.0098	1.0479	0.0	0.0	0.0	6.526	-6.542	-94.504	36.84	-1087	108	-86	None	None	None	None	0.67892	-0.00323	-0.08041	-0.72974
 2023-8-14 11:7:41.984	-0.0737	-0.0098	1.0479	0.0	0.0	0.0	6.526	-6.542	-94.504	36.84	-1087	108	-86	None	None	None	None	0.67892	-0.00323	-0.08041	-0.72974
 2023-8-14 11:7:41.986	-0.0737	-0.0098	1.0479	0.0	0.0	0.0	6.526	-6.542	-94.504	36.84	-1087	109	-87	None	None	None	None	0.67892	-0.00323	-0.08041	-0.72974
 2023-8-14 11:7:41.986	-0.0737	-0.0098	1.0479	0.0	0.0	0.0	6.526	-6.542	-94.504	36.84	-1087	109	-87	None	None	None	None	0.67892	-0.00323	-0.08041	-0.72974
 2023-8-14 11:7:41.988	-0.0737	-0.0098	1.0479	0.0	0.0	0.0	6.526	-6.542	-94.504	36.84	-1087	109	-87	None	None	None	None	0.67892	-0.00323	-0.08041	-0.72974
 2023-8-14 11:7:41.988	-0.0737	-0.0098	1.0479	0.0	0.0	0.0	6.526	-6.542	-94.504	36.84	-1087	109	-87	None	None	None	None	0.67892	-0.00323	-0.08041	-0.72974
 2023-8-14 11:7:41.990	-0.0737	-0.0098	1.0479	0.0	0.0	0.0	6.526	-6.542	-94.504	36.84	-1087	110	-88	None	None	None	None	0.67892	-0.00323	-0.08041	-0.72974
 2023-8-14 11:7:41.990	-0.0737	-0.0098	1.0479	0.0	0.0	0.0	6.526	-6.542	-94.504	36.84	-1087	110	-88	None	None	None	None	0.67892	-0.00323	-0.08041	-0.72974
 2023-8-14 11:7:41.992	-0.0737	-0.0098	1.0479	0.0	0.0	0.0	6.526	-6.542	-94.504	36.84	-1087	110	-88	None	None	None	None	0.67892	-0.00323	-0.08041	-0.72974
 2023-8-14 11:7:41.992	-0.0737	-0.0098	1.0479	0.0	0.0	0.0	6.526	-6.542	-94.504	36.84	-1087	110	-88	None	None	None	None	0.67892	-0.00323	-0.08041	-0.72974
 2023-8-14 11:7:41.994	-0.0737	-0.0098	1.0479	0.0	0.0	0.0	6.526	-6.542	-94.504	36.8	-1087	110	-88	None	None	None	None	0.67892	-0.00323	-0.08041	-0.72974
 2023-8-14 11:7:41.994	-0.0737	-0.0098	1.0479	0.0	0.0	0.0	6.526	-6.542	-94.504	36.8	-1087	110	-88	None	None	None	None	0.67892	-0.00323	-0.08041	-0.72974
 2023-8-14 11:7:41.996	-0.0737	-0.0098	1.0479	0.0	0.0	0.0	6.526	-6.542	-94.499	36.8	-1087	110	-88	None	None	None	None	0.67892	-0.00323	-0.08041	-0.72974
 2023-8-14 11:7:41.996	-0.0737	-0.0098	1.0479	0.0	0.0	0.0	6.526	-6.542	-94.499	36.8	-1087	110	-88	None	None	None	None	0.67892	-0.00323	-0.08041	-0.72974
 2023-8-14 11:7:41.998	-0.0737	-0.0098	1.0479	0.0	0.0	0.0	6.526	-6.542	-94.499	36.8	-1088	110	-88	None	None	None	None	0.67892	-0.00323	-0.08041	-0.72974
 2023-8-14 11:7:41.998	-0.0737	-0.0098	1.0479	0.0	0.0	0.0	6.526	-6.542	-94.499	36.8	-1088	110	-88	None	None	None	None	0.67892	-0.00323	-0.08041	-0.72974
 2023-8-14 11:7:42.0	-0.0742	-0.0098	1.0474	0.0	0.0	0.0	6.526	-6.542	-94.499	36.8	-1088	110	-88	None	None	None	None	0.67892	-0.00323	-0.08041	-0.72974
 2023-8-14 11:7:42.0	-0.0742	-0.0098	1.0474	0.0	0.0	0.0	6.526	-6.542	-94.499	36.8	-1088	110	-88	None	None	None	None	0.67892	-0.00323	-0.08041	-0.72974
 2023-8-14 11:7:42.2	-0.0742	-0.0098	1.0474	0.0	0.0	0.0	6.526	-6.542	-94.499	36.8	-1088	110	-88	None	None	None	None	0.67892	-0.00323	-0.08041	-0.72974
 2023-8-14 11:7:42.2	-0.0742	-0.0098	1.0474	0.0	0.0	0.0	6.526	-6.542	-94.499	36.8	-1088	110	-88	None	None	None	None	0.67896	-0.00323	-0.08041	-0.72974
 2023-8-14 11:7:42.4	-0.0742	-0.0098	1.0474	0.0	0.0	0.0	6.526	-6.542	-94.499	36.8	-1088	110	-89	None	None	None	None	0.67896	-0.00323	-0.08041	-0.72974
 2023-8-14 11:7:42.4	-0.0742	-0.0098	1.0474	0.0	0.0	0.0	6.526	-6.542	-94.499	36.8	-1088	110	-89	None	None	None	None	0.67896	-0.00323	-0.08041	-0.72974
 2023-8-14 11:7:42.6	-0.0742	-0.0098	1.0474	0.0	0.0	0.0	6.526	-6.542	-94.499	36.78	-1088	108	-87	None	None	None	None	0.67896	-0.00323	-0.08041	-0.72974
 2023-8-14 11:7:42.6	-0.0742	-0.0098	1.0474	0.0	0.0	0.0	6.526	-6.542	-94.499	36.78	-1088	108	-87	None	None	None	None	0.67896	-0.00323	-0.08041	-0.72974
 2023-8-14 11:7:42.8	-0.0742	-0.0098	1.0474	0.0	0.0	0.0	6.526	-6.542	-94.499	36.78	-1088	107	-86	None	None	None	None	0.67896	-0.00323	-0.08041	-0.72974
 2023-8-14 11:7:42.8	-0.0742	-0.0098	1.0474	0.0	0.0	0.0	6.526	-6.542	-94.499	36.78	-1088	107	-86	None	None	None	None	0.67896	-0.00323	-0.08041	-0.72974
 2023-8-14 11:7:42.10	-0.0742	-0.0098	1.0474	0.0	0.0	0.0	6.526	-6.542	-94.499	36.78	-1089	106	-85	None	None	None	None	0.67896	-0.00323	-0.08041	-0.72974
 2023-8-14 11:7:42.10	-0.0742	-0.0098	1.0474	0.0	0.0	0.0	6.526	-6.542	-94.499	36.78	-1089	106	-85	None	None	None	None	0.67896	-0.00323	-0.08041	-0.72974
 2023-8-14 11:7:42.12	-0.0742	-0.0098	1.0474	0.0	0.0	0.0	6.526	-6.542	-94.499	36.78	-1089	105	-84	None	None	None	None	0.67896	-0.00323	-0.08041	-0.72974
 2023-8-14 11:7:42.12	-0.0742	-0.0098	1.0474	0.0	0.0	0.0	6.526	-6.542	-94.499	36.78	-1089	105	-84	None	None	None	None	0.67892	-0.00323	-0.08041	-0.72974
 2023-8-14 11:7:42.14	-0.0742	-0.0098	1.0474	0.0	0.0	0.0	6.526	-6.542	-94.504	36.78	-1089	105	-84	None	None	None	None	0.67892	-0.00323	-0.08041	-0.72974
 2023-8-14 11:7:42.14	-0.0742	-0.0098	1.0474	0.0	0.0	0.0	6.526	-6.542	-94.504	36.78	-1089	105	-84	None	None	None	None	0.67892	-0.00323	-0.08041	-0.72974
 2023-8-14 11:7:42.16	-0.0742	-0.0098	1.0474	0.0	0.0	0.0	6.526	-6.542	-94.504	36.78	-1089	104	-83	None	None	None	None	0.67892	-0.00323	-0.08041	-0.72974
 2023-8-14 11:7:42.16	-0.0742	-0.0098	1.0474	0.0	0.0	0.0	6.526	-6.542	-94.504	36.78	-1089	104	-83	None	None	None	None	0.67892	-0.00323	-0.08041	-0.72974
 2023-8-14 11:7:42.18	-0.0742	-0.0098	1.0474	0.0	0.0	0.0	6.526	-6.542	-94.504	36.82	-1088	104	-84	None	None	None	None	0.67892	-0.00323	-0.08041	-0.72974
