Chiptime	ax(g)	ay(g)	az(g)	wx(deg/s)	wy(deg/s)	wz(deg/s)	AngleX(deg)	AngleY(deg)	AngleZ(deg)	T(°)	magx	magy	magz	lon	lat	Yaw	Speed	q1	q2	q3	q4
 2023-8-14 11:51:38.276	-0.0571	0.0034	1.0454	0.0	0.0	0.0	-1.362	-9.608	-53.762	35.43	-322	295	766	None	None	None	None	0.88828	-0.04843	-0.06934	-0.45139
 2023-8-14 11:51:38.276	-0.0571	0.0034	1.0454	0.0	0.0	0.0	-1.362	-9.608	-53.762	35.43	-322	295	766	None	None	None	None	0.88828	-0.04843	-0.06934	-0.45139
 2023-8-14 11:51:38.278	-0.0571	0.0034	1.0454	0.0	0.0	0.0	-1.362	-9.608	-53.762	35.43	-322	295	765	None	None	None	None	0.88828	-0.04843	-0.06934	-0.45139
 2023-8-14 11:51:38.278	-0.0571	0.0034	1.0454	0.0	0.0	0.0	-1.362	-9.608	-53.762	35.43	-322	295	765	None	None	None	None	0.88828	-0.04843	-0.06934	-0.45139
 2023-8-14 11:51:38.280	-0.0571	0.0034	1.0454	0.0	0.0	0.0	-1.362	-9.608	-53.762	35.43	-322	295	764	None	None	None	None	0.88828	-0.04843	-0.06934	-0.45139
 2023-8-14 11:51:38.280	-0.0571	0.0034	1.0454	0.0	0.0	0.0	-1.362	-9.608	-53.762	35.43	-322	295	764	None	None	None	None	0.88828	-0.04843	-0.06934	-0.45139
 2023-8-14 11:51:38.282	-0.0571	0.0034	1.0454	0.0	0.0	0.0	-1.362	-9.608	-53.762	35.43	-322	295	764	None	None	None	None	0.88828	-0.04843	-0.06934	-0.45139
 2023-8-14 11:51:38.282	-0.0571	0.0034	1.0454	0.0	0.0	0.0	-1.362	-9.608	-53.762	35.43	-322	295	764	None	None	None	None	0.88828	-0.04843	-0.06934	-0.45139
 2023-8-14 11:51:38.284	-0.0571	0.0034	1.0454	0.0	0.0	0.0	-1.362	-9.608	-53.756	35.37	-321	295	763	None	None	None	None	0.88828	-0.04843	-0.06934	-0.45139
 2023-8-14 11:51:38.284	-0.0571	0.0034	1.0454	0.0	0.0	0.0	-1.362	-9.608	-53.756	35.37	-321	295	763	None	None	None	None	0.88828	-0.04843	-0.06934	-0.45139
 2023-8-14 11:51:38.286	-0.0571	0.0034	1.0454	0.0	0.0	0.0	-1.362	-9.608	-53.756	35.37	-322	296	763	None	None	None	None	0.88828	-0.04843	-0.06934	-0.45139
 2023-8-14 11:51:38.286	-0.0571	0.0034	1.0454	0.0	0.0	0.0	-1.362	-9.608	-53.756	35.37	-322	296	763	None	None	None	None	0.88828	-0.04843	-0.06934	-0.45139
 2023-8-14 11:51:38.288	-0.0571	0.0034	1.0454	0.0	0.0	0.0	-1.362	-9.608	-53.756	35.37	-322	296	763	None	None	None	None	0.88828	-0.04843	-0.06934	-0.45139
 2023-8-14 11:51:38.288	-0.0571	0.0034	1.0454	0.0	0.0	0.0	-1.362	-9.608	-53.756	35.37	-322	296	763	None	None	None	None	0.88828	-0.04843	-0.06934	-0.45139
 2023-8-14 11:51:38.290	-0.0571	0.0034	1.0454	0.0	0.0	0.0	-1.362	-9.608	-53.756	35.37	-322	297	762	None	None	None	None	0.88828	-0.04843	-0.06934	-0.45139
 2023-8-14 11:51:38.290	-0.0571	0.0034	1.0454	0.0	0.0	0.0	-1.362	-9.608	-53.756	35.37	-322	297	762	None	None	None	None	0.88831	-0.04843	-0.06934	-0.45139
 2023-8-14 11:51:38.292	-0.0571	0.0034	1.0454	0.0	0.0	0.0	-1.362	-9.608	-53.756	35.37	-322	298	762	None	None	None	None	0.88831	-0.04843	-0.06934	-0.45139
 2023-8-14 11:51:38.292	-0.0571	0.0034	1.0454	0.0	0.0	0.0	-1.362	-9.608	-53.756	35.37	-322	298	762	None	None	None	None	0.88831	-0.04843	-0.06934	-0.45139
 2023-8-14 11:51:38.294	-0.0571	0.0034	1.0454	0.0	0.0	0.0	-1.362	-9.608	-53.756	35.37	-322	298	762	None	None	None	None	0.88831	-0.04843	-0.06934	-0.45139
 2023-8-14 11:51:38.294	-0.0571	0.0034	1.0454	0.0	0.0	0.0	-1.362	-9.608	-53.756	35.37	-322	298	762	None	None	None	None	0.88831	-0.04843	-0.06934	-0.45135
 2023-8-14 11:51:38.296	-0.0571	0.0034	1.0454	0.0	0.0	0.0	-1.362	-9.608	-53.756	35.45	-322	298	762	None	None	None	None	0.88831	-0.04843	-0.06934	-0.45135
 2023-8-14 11:51:38.296	-0.0571	0.0034	1.0454	0.0	0.0	0.0	-1.362	-9.608	-53.756	35.45	-322	298	762	None	None	None	None	0.88831	-0.04843	-0.06934	-0.45135
 2023-8-14 11:51:38.298	-0.0571	0.0034	1.0454	0.0	0.0	0.0	-1.362	-9.608	-53.756	35.45	-323	297	762	None	None	None	None	0.88831	-0.04843	-0.06934	-0.45135
 2023-8-14 11:51:38.298	-0.0571	0.0034	1.0454	0.0	0.0	0.0	-1.362	-9.608	-53.756	35.45	-323	297	762	None	None	None	None	0.88831	-0.04843	-0.06934	-0.45135
 2023-8-14 11:51:38.300	-0.0571	0.0034	1.0454	0.0	0.0	0.0	-1.362	-9.608	-53.756	35.45	-324	297	761	None	None	None	None	0.88831	-0.04843	-0.06934	-0.45135
 2023-8-14 11:51:38.300	-0.0571	0.0034	1.0454	0.0	0.0	0.0	-1.362	-9.608	-53.756	35.45	-324	297	761	None	None	None	None	0.88831	-0.04843	-0.06934	-0.45135
 2023-8-14 11:51:38.302	-0.0571	0.0034	1.0454	0.0	0.0	0.0	-1.362	-9.608	-53.756	35.45	-325	296	761	None	None	None	None	0.88831	-0.04843	-0.06934	-0.45135
 2023-8-14 11:51:38.302	-0.0571	0.0034	1.0454	0.0	0.0	0.0	-1.362	-9.608	-53.756	35.45	-325	296	761	None	None	None	None	0.88831	-0.04843	-0.06934	-0.45135
 2023-8-14 11:51:38.304	-0.0571	0.0034	1.0454	0.0	0.0	0.0	-1.362	-9.608	-53.756	35.45	-325	295	761	None	None	None	None	0.88831	-0.04843	-0.06934	-0.45135
 2023-8-14 11:51:38.304	-0.0571	0.0034	1.0454	0.0	0.0	0.0	-1.362	-9.608	-53.756	35.45	-325	295	761	None	None	None	None	0.88831	-0.04843	-0.06934	-0.45135
 2023-8-14 11:51:38.306	-0.0571	0.0034	1.0454	0.0	0.0	0.0	-1.362	-9.608	-53.756	35.45	-326	294	761	None	None	None	None	0.88831	-0.04843	-0.06934	-0.45135
 2023-8-14 11:51:38.306	-0.0571	0.0034	1.0454	0.0	0.0	0.0	-1.362	-9.608	-53.756	35.45	-326	294	761	None	None	None	None	0.88831	-0.04843	-0.06934	-0.45135
 2023-8-14 11:51:38.308	-0.0571	0.0034	1.0454	0.0	0.0	0.0	-1.362	-9.608	-53.756	35.4	-326	294	761	None	None	None	None	0.88831	-0.04843	-0.06934	-0.45135
 2023-8-14 11:51:38.308	-0.0571	0.0034	1.0454	0.0	0.0	0.0	-1.362	-9.608	-53.756	35.4	-326	294	761	None	None	None	None	0.88831	-0.04843	-0.06934	-0.45139
 2023-8-14 11:51:38.310	-0.0571	0.0034	1.0454	0.0	0.0	0.0	-1.362	-9.608	-53.756	35.4	-327	293	761	None	None	None	None	0.88831	-0.04843	-0.06934	-0.45139
 2023-8-14 11:51:38.310	-0.0571	0.0034	1.0454	0.0	0.0	0.0	-1.362	-9.608	-53.756	35.4	-327	293	761	None	None	None	None	0.88831	-0.04843	-0.06934	-0.45139
 2023-8-14 11:51:38.312	-0.0571	0.0034	1.0454	0.0	0.0	0.0	-1.362	-9.608	-53.756	35.4	-326	294	760	None	None	None	None	0.88831	-0.04843	-0.06934	-0.45139
 2023-8-14 11:51:38.312	-0.0571	0.0034	1.0454	0.0	0.0	0.0	-1.362	-9.608	-53.756	35.4	-326	294	760	None	None	None	None	0.88831	-0.04843	-0.06934	-0.45139
 2023-8-14 11:51:38.314	-0.0571	0.0034	1.0454	0.0	0.0	0.0	-1.362	-9.608	-53.756	35.4	-326	294	760	None	None	None	None	0.88831	-0.04843	-0.06934	-0.45139
 2023-8-14 11:51:38.314	-0.0571	0.0034	1.0454	0.0	0.0	0.0	-1.362	-9.608	-53.756	35.4	-326	294	760	None	None	None	None	0.88828	-0.04843	-0.06934	-0.45139
 2023-8-14 11:51:38.316	-0.0566	0.0034	1.0459	0.0	0.0	0.0	-1.362	-9.608	-53.756	35.4	-326	294	760	None	None	None	None	0.88828	-0.04843	-0.06934	-0.45139
 2023-8-14 11:51:38.316	-0.0566	0.0034	1.0459	0.0	0.0	0.0	-1.362	-9.608	-53.756	35.4	-326	294	760	None	None	None	None	0.88828	-0.04843	-0.06934	-0.45139
 2023-8-14 11:51:38.318	-0.0566	0.0034	1.0459	0.0	0.0	0.0	-1.362	-9.608	-53.762	35.35	-326	295	760	None	None	None	None	0.88828	-0.04843	-0.06934	-0.45139
 2023-8-14 11:51:38.318	-0.0566	0.0034	1.0459	0.0	0.0	0.0	-1.362	-9.608	-53.762	35.35	-326	295	760	None	None	None	None	0.88828	-0.04843	-0.06934	-0.45139
 2023-8-14 11:51:38.320	-0.0566	0.0034	1.0459	0.0	0.0	0.0	-1.362	-9.608	-53.762	35.35	-325	295	759	None	None	None	None	0.88828	-0.04843	-0.06934	-0.45139
 2023-8-14 11:51:38.320	-0.0566	0.0034	1.0459	0.0	0.0	0.0	-1.362	-9.608	-53.762	35.35	-325	295	759	None	None	None	None	0.88828	-0.04843	-0.06934	-0.45139
 2023-8-14 11:51:38.322	-0.0566	0.0034	1.0459	0.0	0.0	0.0	-1.362	-9.608	-53.762	35.35	-325	295	759	None	None	None	None	0.88828	-0.04843	-0.06934	-0.45139
 2023-8-14 11:51:38.322	-0.0566	0.0034	1.0459	0.0	0.0	0.0	-1.362	-9.608	-53.762	35.35	-325	295	759	None	None	None	None	0.88828	-0.0484	-0.06934	-0.45139
 2023-8-14 11:51:38.324	-0.0566	0.0034	1.0459	0.0	0.0	0.0	-1.357	-9.608	-53.762	35.35	-325	296	758	None	None	None	None	0.88828	-0.0484	-0.06934	-0.45139
 2023-8-14 11:51:38.324	-0.0566	0.0034	1.0459	0.0	0.0	0.0	-1.357	-9.608	-53.762	35.35	-325	296	758	None	None	None	None	0.88828	-0.0484	-0.06934	-0.45139
 2023-8-14 11:51:38.326	-0.0566	0.0034	1.0459	0.0	0.0	0.0	-1.357	-9.608	-53.762	35.35	-325	296	758	None	None	None	None	0.88828	-0.0484	-0.06934	-0.45139
 2023-8-14 11:51:38.326	-0.0566	0.0034	1.0459	0.0	0.0	0.0	-1.357	-9.608	-53.762	35.35	-325	296	758	None	None	None	None	0.88828	-0.0484	-0.06934	-0.45139
 2023-8-14 11:51:38.328	-0.0566	0.0034	1.0459	0.0	0.0	0.0	-1.357	-9.608	-53.762	35.35	-325	297	757	None	None	None	None	0.88828	-0.0484	-0.06934	-0.45139
 2023-8-14 11:51:38.328	-0.0566	0.0034	1.0459	0.0	0.0	0.0	-1.357	-9.608	-53.762	35.35	-325	297	757	None	None	None	None	0.88828	-0.0484	-0.06934	-0.45139
 2023-8-14 11:51:38.330	-0.0566	0.0034	1.0459	0.0	0.0	0.0	-1.357	-9.608	-53.762	35.4	-325	297	757	None	None	None	None	0.88828	-0.0484	-0.06934	-0.45139
 2023-8-14 11:51:38.330	-0.0566	0.0034	1.0459	0.0	0.0	0.0	-1.357	-9.608	-53.762	35.4	-325	297	757	None	None	None	None	0.88828	-0.0484	-0.06934	-0.45139
 2023-8-14 11:51:38.332	-0.0566	0.0034	1.0459	0.0	0.0	0.0	-1.357	-9.608	-53.762	35.4	-325	297	756	None	None	None	None	0.88828	-0.0484	-0.06934	-0.45139
 2023-8-14 11:51:38.332	-0.0566	0.0034	1.0459	0.0	0.0	0.0	-1.357	-9.608	-53.762	35.4	-325	297	756	None	None	None	None	0.88828	-0.0484	-0.06934	-0.45139
 2023-8-14 11:51:38.334	-0.0566	0.0034	1.0459	0.0	0.0	0.0	-1.357	-9.608	-53.762	35.4	-325	298	756	None	None	None	None	0.88828	-0.0484	-0.06934	-0.45139
 2023-8-14 11:51:38.334	-0.0566	0.0034	1.0459	0.0	0.0	0.0	-1.357	-9.608	-53.762	35.4	-325	298	756	None	None	None	None	0.88828	-0.0484	-0.06934	-0.45139
 2023-8-14 11:51:38.336	-0.0566	0.0034	1.0459	0.0	0.0	0.0	-1.357	-9.608	-53.762	35.4	-325	298	756	None	None	None	None	0.88828	-0.0484	-0.06934	-0.45139
 2023-8-14 11:51:38.336	-0.0566	0.0034	1.0459	0.0	0.0	0.0	-1.357	-9.608	-53.762	35.4	-325	298	756	None	None	None	None	0.88828	-0.0484	-0.06934	-0.45139
 2023-8-14 11:51:38.338	-0.0566	0.0034	1.0459	0.0	0.0	0.0	-1.357	-9.608	-53.762	35.4	-324	297	757	None	None	None	None	0.88828	-0.0484	-0.06934	-0.45139
 2023-8-14 11:51:38.338	-0.0566	0.0034	1.0459	0.0	0.0	0.0	-1.357	-9.608	-53.762	35.4	-324	297	757	None	None	None	None	0.88828	-0.0484	-0.06934	-0.45139
 2023-8-14 11:51:38.340	-0.0566	0.0034	1.0459	0.0	0.0	0.0	-1.357	-9.608	-53.762	35.4	-323	297	758	None	None	None	None	0.88828	-0.0484	-0.06934	-0.45139
 2023-8-14 11:51:38.340	-0.0566	0.0034	1.0459	0.0	0.0	0.0	-1.357	-9.608	-53.762	35.4	-323	297	758	None	None	None	None	0.88828	-0.0484	-0.06934	-0.45139
 2023-8-14 11:51:38.342	-0.0566	0.0034	1.0459	0.0	0.0	0.0	-1.357	-9.608	-53.762	35.43	-323	297	759	None	None	None	None	0.88828	-0.0484	-0.06934	-0.45139
 2023-8-14 11:51:38.342	-0.0566	0.0034	1.0459	0.0	0.0	0.0	-1.357	-9.608	-53.762	35.43	-323	297	759	None	None	None	None	0.88828	-0.0484	-0.06934	-0.45139
 2023-8-14 11:51:38.344	-0.0566	0.0034	1.0459	0.0	0.0	0.0	-1.357	-9.608	-53.756	35.43	-323	297	759	None	None	None	None	0.88828	-0.0484	-0.06934	-0.45139
 2023-8-14 11:51:38.344	-0.0566	0.0034	1.0459	0.0	0.0	0.0	-1.357	-9.608	-53.756	35.43	-323	297	759	None	None	None	None	0.88828	-0.0484	-0.06934	-0.45139
 2023-8-14 11:51:38.346	-0.0566	0.0034	1.0459	0.0	0.0	0.0	-1.357	-9.608	-53.756	35.43	-322	297	760	None	None	None	None	0.88828	-0.0484	-0.06934	-0.45139
 2023-8-14 11:51:38.346	-0.0566	0.0034	1.0459	0.0	0.0	0.0	-1.357	-9.608	-53.756	35.43	-322	297	760	None	None	None	None	0.88828	-0.0484	-0.06934	-0.45139
 2023-8-14 11:51:38.348	-0.0566	0.0034	1.0459	0.0	0.0	0.0	-1.357	-9.608	-53.756	35.43	-322	297	761	None	None	None	None	0.88828	-0.0484	-0.06934	-0.45139
 2023-8-14 11:51:38.348	-0.0566	0.0034	1.0459	0.0	0.0	0.0	-1.357	-9.608	-53.756	35.43	-322	297	761	None	None	None	None	0.88831	-0.0484	-0.06934	-0.45139
 2023-8-14 11:51:38.350	-0.0566	0.0034	1.0459	0.0	0.0	0.0	-1.357	-9.608	-53.756	35.43	-321	297	762	None	None	None	None	0.88831	-0.0484	-0.06934	-0.45139
 2023-8-14 11:51:38.350	-0.0566	0.0034	1.0459	0.0	0.0	0.0	-1.357	-9.608	-53.756	35.43	-321	297	762	None	None	None	None	0.88831	-0.0484	-0.06934	-0.45139
 2023-8-14 11:51:38.352	-0.0566	0.0034	1.0459	0.0	0.0	0.0	-1.357	-9.608	-53.756	35.43	-321	297	763	None	None	None	None	0.88831	-0.0484	-0.06934	-0.45139
 2023-8-14 11:51:38.352	-0.0566	0.0034	1.0459	0.0	0.0	0.0	-1.357	-9.608	-53.756	35.43	-321	297	763	None	None	None	None	0.88831	-0.0484	-0.06934	-0.45139
 2023-8-14 11:51:38.354	-0.0566	0.0034	1.0459	0.0	0.0	0.0	-1.357	-9.608	-53.756	35.36	-321	297	764	None	None	None	None	0.88831	-0.0484	-0.06934	-0.45139
 2023-8-14 11:51:38.354	-0.0566	0.0034	1.0459	0.0	0.0	0.0	-1.357	-9.608	-53.756	35.36	-321	297	764	None	None	None	None	0.88831	-0.0484	-0.06934	-0.45135
 2023-8-14 11:51:38.358	-0.0562	0.0029	1.0459	0.0	0.0	0.0	-1.362	-9.608	-53.756	35.36	-320	297	765	None	None	None	None	0.88831	-0.0484	-0.06934	-0.45135
 2023-8-14 11:51:38.358	-0.0562	0.0029	1.0459	0.0	0.0	0.0	-1.362	-9.608	-53.756	35.36	-320	297	765	None	None	None	None	0.88831	-0.0484	-0.06934	-0.45135
 2023-8-14 11:51:38.360	-0.0562	0.0029	1.0459	0.0	0.0	0.0	-1.362	-9.608	-53.756	35.36	-320	297	766	None	None	None	None	0.88831	-0.0484	-0.06934	-0.45135
 2023-8-14 11:51:38.360	-0.0562	0.0029	1.0459	0.0	0.0	0.0	-1.362	-9.608	-53.756	35.36	-320	297	766	None	None	None	None	0.88831	-0.0484	-0.06934	-0.45135
 2023-8-14 11:51:38.362	-0.0562	0.0029	1.0459	0.0	0.0	0.0	-1.362	-9.608	-53.756	35.36	-320	296	765	None	None	None	None	0.88831	-0.0484	-0.06934	-0.45135
 2023-8-14 11:51:38.362	-0.0562	0.0029	1.0459	0.0	0.0	0.0	-1.362	-9.608	-53.756	35.36	-320	296	765	None	None	None	None	0.88831	-0.0484	-0.06934	-0.45135
 2023-8-14 11:51:38.364	-0.0562	0.0029	1.0459	0.0	0.0	0.0	-1.362	-9.608	-53.756	35.42	-320	296	765	None	None	None	None	0.88831	-0.0484	-0.06934	-0.45135
 2023-8-14 11:51:38.364	-0.0562	0.0029	1.0459	0.0	0.0	0.0	-1.362	-9.608	-53.756	35.42	-320	296	765	None	None	None	None	0.88831	-0.0484	-0.06934	-0.45135
 2023-8-14 11:51:38.366	-0.0562	0.0029	1.0459	0.0	0.0	0.0	-1.362	-9.608	-53.751	35.42	-320	296	765	None	None	None	None	0.88831	-0.0484	-0.06934	-0.45135
 2023-8-14 11:51:38.366	-0.0562	0.0029	1.0459	0.0	0.0	0.0	-1.362	-9.608	-53.751	35.42	-320	296	765	None	None	None	None	0.88831	-0.0484	-0.06934	-0.45135
 2023-8-14 11:51:38.368	-0.0562	0.0029	1.0459	0.0	0.0	0.0	-1.362	-9.608	-53.751	35.42	-320	295	764	None	None	None	None	0.88831	-0.0484	-0.06934	-0.45135
 2023-8-14 11:51:38.368	-0.0562	0.0029	1.0459	0.0	0.0	0.0	-1.362	-9.608	-53.751	35.42	-320	295	764	None	None	None	None	0.88831	-0.0484	-0.06934	-0.45135
 2023-8-14 11:51:38.370	-0.0562	0.0029	1.0459	0.0	0.0	0.0	-1.362	-9.608	-53.751	35.42	-320	295	764	None	None	None	None	0.88831	-0.0484	-0.06934	-0.45135
 2023-8-14 11:51:38.370	-0.0562	0.0029	1.0459	0.0	0.0	0.0	-1.362	-9.608	-53.751	35.42	-320	295	764	None	None	None	None	0.88831	-0.0484	-0.06934	-0.45132
 2023-8-14 11:51:38.372	-0.0562	0.0029	1.0459	0.0	0.0	0.0	-1.362	-9.608	-53.751	35.42	-320	295	764	None	None	None	None	0.88831	-0.0484	-0.06934	-0.45132
 2023-8-14 11:51:38.372	-0.0562	0.0029	1.0459	0.0	0.0	0.0	-1.362	-9.608	-53.751	35.42	-320	295	764	None	None	None	None	0.88831	-0.0484	-0.06934	-0.45132
 2023-8-14 11:51:38.374	-0.0562	0.0029	1.0459	0.0	0.0	0.0	-1.362	-9.608	-53.751	35.42	-320	295	764	None	None	None	None	0.88831	-0.0484	-0.06934	-0.45132
 2023-8-14 11:51:38.374	-0.0562	0.0029	1.0459	0.0	0.0	0.0	-1.362	-9.608	-53.751	35.42	-320	295	764	None	None	None	None	0.88831	-0.0484	-0.06934	-0.45132
 2023-8-14 11:51:38.376	-0.0562	0.0029	1.0459	0.0	0.0	0.0	-1.362	-9.608	-53.751	35.38	-320	295	764	None	None	None	None	0.88831	-0.0484	-0.06934	-0.45132
 2023-8-14 11:51:38.376	-0.0562	0.0029	1.0459	0.0	0.0	0.0	-1.362	-9.608	-53.751	35.38	-320	295	764	None	None	None	None	0.88831	-0.0484	-0.06931	-0.45132
 2023-8-14 11:51:38.378	-0.0562	0.0029	1.0459	0.0	0.0	0.0	-1.362	-9.608	-53.751	35.38	-320	296	764	None	None	None	None	0.88831	-0.0484	-0.06931	-0.45132
 2023-8-14 11:51:38.378	-0.0562	0.0029	1.0459	0.0	0.0	0.0	-1.362	-9.608	-53.751	35.38	-320	296	764	None	None	None	None	0.88831	-0.0484	-0.06931	-0.45132
 2023-8-14 11:51:38.380	-0.0562	0.0029	1.0459	0.0	0.0	0.0	-1.362	-9.608	-53.751	35.38	-320	296	764	None	None	None	None	0.88831	-0.0484	-0.06931	-0.45132
 2023-8-14 11:51:38.380	-0.0562	0.0029	1.0459	0.0	0.0	0.0	-1.362	-9.608	-53.751	35.38	-320	296	764	None	None	None	None	0.88834	-0.0484	-0.06931	-0.45132
 2023-8-14 11:51:38.382	-0.0562	0.0029	1.0459	0.0	0.0	0.0	-1.362	-9.608	-53.751	35.38	-320	296	765	None	None	None	None	0.88834	-0.0484	-0.06931	-0.45132
 2023-8-14 11:51:38.382	-0.0562	0.0029	1.0459	0.0	0.0	0.0	-1.362	-9.608	-53.751	35.38	-320	296	765	None	None	None	None	0.88834	-0.0484	-0.06931	-0.45132
 2023-8-14 11:51:38.384	-0.0562	0.0029	1.0459	0.0	0.0	0.0	-1.362	-9.608	-53.751	35.38	-320	296	765	None	None	None	None	0.88834	-0.0484	-0.06931	-0.45132
 2023-8-14 11:51:38.384	-0.0562	0.0029	1.0459	0.0	0.0	0.0	-1.362	-9.608	-53.751	35.38	-320	296	765	None	None	None	None	0.88834	-0.0484	-0.06931	-0.45132
 2023-8-14 11:51:38.386	-0.0562	0.0029	1.0459	0.0	0.0	0.0	-1.362	-9.608	-53.751	35.38	-320	295	766	None	None	None	None	0.88834	-0.0484	-0.06931	-0.45132
 2023-8-14 11:51:38.386	-0.0562	0.0029	1.0459	0.0	0.0	0.0	-1.362	-9.608	-53.751	35.38	-320	295	766	None	None	None	None	0.88834	-0.0484	-0.06931	-0.45129
 2023-8-14 11:51:38.388	-0.0562	0.0029	1.0459	0.0	0.0	0.0	-1.362	-9.608	-53.751	35.3	-320	295	766	None	None	None	None	0.88834	-0.0484	-0.06931	-0.45129
 2023-8-14 11:51:38.388	-0.0562	0.0029	1.0459	0.0	0.0	0.0	-1.362	-9.608	-53.751	35.3	-320	295	766	None	None	None	None	0.88834	-0.04843	-0.06931	-0.45129
 2023-8-14 11:51:38.390	-0.0562	0.0029	1.0459	0.0	0.0	0.0	-1.362	-9.608	-53.745	35.3	-320	294	767	None	None	None	None	0.88834	-0.04843	-0.06931	-0.45129
 2023-8-14 11:51:38.390	-0.0562	0.0029	1.0459	0.0	0.0	0.0	-1.362	-9.608	-53.745	35.3	-320	294	767	None	None	None	None	0.88834	-0.04843	-0.06931	-0.45129
 2023-8-14 11:51:38.392	-0.0562	0.0029	1.0459	0.0	0.0	0.0	-1.362	-9.608	-53.745	35.3	-320	293	768	None	None	None	None	0.88834	-0.04843	-0.06931	-0.45129
 2023-8-14 11:51:38.392	-0.0562	0.0029	1.0459	0.0	0.0	0.0	-1.362	-9.608	-53.745	35.3	-320	293	768	None	None	None	None	0.88834	-0.04843	-0.06931	-0.45129
 2023-8-14 11:51:38.396	-0.0557	0.0029	1.0464	0.0	0.0	0.0	-1.362	-9.608	-53.745	35.3	-320	293	769	None	None	None	None	0.88834	-0.04843	-0.06931	-0.45129
 2023-8-14 11:51:38.396	-0.0557	0.0029	1.0464	0.0	0.0	0.0	-1.362	-9.608	-53.745	35.3	-320	293	769	None	None	None	None	0.88834	-0.04843	-0.06931	-0.45129
 2023-8-14 11:51:38.398	-0.0557	0.0029	1.0464	0.0	0.0	0.0	-1.362	-9.608	-53.745	35.38	-321	292	770	None	None	None	None	0.88834	-0.04843	-0.06931	-0.45129
 2023-8-14 11:51:38.398	-0.0557	0.0029	1.0464	0.0	0.0	0.0	-1.362	-9.608	-53.745	35.38	-321	292	770	None	None	None	None	0.88834	-0.04843	-0.06934	-0.45129
 2023-8-14 11:51:38.400	-0.0557	0.0029	1.0464	0.0	0.0	0.0	-1.362	-9.608	-53.745	35.38	-321	293	769	None	None	None	None	0.88834	-0.04843	-0.06934	-0.45129
 2023-8-14 11:51:38.400	-0.0557	0.0029	1.0464	0.0	0.0	0.0	-1.362	-9.608	-53.745	35.38	-321	293	769	None	None	None	None	0.88834	-0.04843	-0.06934	-0.45129
 2023-8-14 11:51:38.402	-0.0557	0.0029	1.0464	0.0	0.0	0.0	-1.362	-9.608	-53.745	35.38	-321	294	768	None	None	None	None	0.88834	-0.04843	-0.06934	-0.45129
 2023-8-14 11:51:38.402	-0.0557	0.0029	1.0464	0.0	0.0	0.0	-1.362	-9.608	-53.745	35.38	-321	294	768	None	None	None	None	0.88834	-0.04843	-0.06934	-0.45129
 2023-8-14 11:51:38.404	-0.0557	0.0029	1.0464	0.0	0.0	0.0	-1.362	-9.608	-53.745	35.38	-321	294	767	None	None	None	None	0.88834	-0.04843	-0.06934	-0.45129
 2023-8-14 11:51:38.404	-0.0557	0.0029	1.0464	0.0	0.0	0.0	-1.362	-9.608	-53.745	35.38	-321	294	767	None	None	None	None	0.88834	-0.04843	-0.06934	-0.45129
 2023-8-14 11:51:38.406	-0.0557	0.0029	1.0464	0.0	0.0	0.0	-1.362	-9.608	-53.745	35.38	-321	294	767	None	None	None	None	0.88834	-0.04843	-0.06934	-0.45129
 2023-8-14 11:51:38.408	-0.0557	0.0029	1.0464	0.0	0.0	0.0	-1.362	-9.608	-53.745	35.38	-321	295	766	None	None	None	None	0.88834	-0.04843	-0.06934	-0.45129
 2023-8-14 11:51:38.408	-0.0557	0.0029	1.0464	0.0	0.0	0.0	-1.362	-9.608	-53.745	35.38	-321	295	766	None	None	None	None	0.88834	-0.04843	-0.06934	-0.45129
 2023-8-14 11:51:38.410	-0.0557	0.0029	1.0464	0.0	0.0	0.0	-1.362	-9.608	-53.745	35.35	-321	296	765	None	None	None	None	0.88834	-0.04843	-0.06934	-0.45129
 2023-8-14 11:51:38.410	-0.0557	0.0029	1.0464	0.0	0.0	0.0	-1.362	-9.608	-53.745	35.35	-321	296	765	None	None	None	None	0.88834	-0.04843	-0.06934	-0.45129
 2023-8-14 11:51:38.412	-0.0557	0.0029	1.0464	0.0	0.0	0.0	-1.362	-9.608	-53.745	35.35	-322	295	765	None	None	None	None	0.88834	-0.04843	-0.06934	-0.45129
 2023-8-14 11:51:38.412	-0.0557	0.0029	1.0464	0.0	0.0	0.0	-1.362	-9.608	-53.745	35.35	-322	295	765	None	None	None	None	0.88834	-0.04843	-0.06934	-0.45129
 2023-8-14 11:51:38.414	-0.0557	0.0029	1.0464	0.0	0.0	0.0	-1.362	-9.608	-53.745	35.35	-322	295	765	None	None	None	None	0.88834	-0.04843	-0.06934	-0.45129
 2023-8-14 11:51:38.414	-0.0557	0.0029	1.0464	0.0	0.0	0.0	-1.362	-9.608	-53.745	35.35	-322	295	765	None	None	None	None	0.88834	-0.04843	-0.06934	-0.45129
 2023-8-14 11:51:38.416	-0.0557	0.0029	1.0464	0.0	0.0	0.0	-1.362	-9.608	-53.745	35.35	-323	294	766	None	None	None	None	0.88834	-0.04843	-0.06934	-0.45129
 2023-8-14 11:51:38.416	-0.0557	0.0029	1.0464	0.0	0.0	0.0	-1.362	-9.608	-53.745	35.35	-323	294	766	None	None	None	None	0.88834	-0.04843	-0.06934	-0.45129
 2023-8-14 11:51:38.418	-0.0557	0.0029	1.0464	0.0	0.0	0.0	-1.362	-9.608	-53.745	35.35	-323	294	766	None	None	None	None	0.88834	-0.04843	-0.06934	-0.45129
 2023-8-14 11:51:38.418	-0.0557	0.0029	1.0464	0.0	0.0	0.0	-1.362	-9.608	-53.745	35.35	-323	294	766	None	None	None	None	0.88834	-0.04843	-0.06934	-0.45129
 2023-8-14 11:51:38.420	-0.0557	0.0029	1.0464	0.0	0.0	0.0	-1.362	-9.608	-53.745	35.35	-323	294	766	None	None	None	None	0.88834	-0.04843	-0.06934	-0.45129
 2023-8-14 11:51:38.420	-0.0557	0.0029	1.0464	0.0	0.0	0.0	-1.362	-9.608	-53.745	35.35	-323	294	766	None	None	None	None	0.88834	-0.04843	-0.06934	-0.45129
 2023-8-14 11:51:38.422	-0.0557	0.0029	1.0464	0.0	0.0	0.0	-1.362	-9.608	-53.745	35.4	-323	294	766	None	None	None	None	0.88834	-0.04843	-0.06934	-0.45129
 2023-8-14 11:51:38.422	-0.0557	0.0029	1.0464	0.0	0.0	0.0	-1.362	-9.608	-53.745	35.4	-323	294	766	None	None	None	None	0.88834	-0.04843	-0.06934	-0.45129
 2023-8-14 11:51:38.424	-0.0557	0.0029	1.0464	0.0	0.0	0.0	-1.362	-9.608	-53.745	35.4	-323	293	766	None	None	None	None	0.88834	-0.04843	-0.06934	-0.45129
 2023-8-14 11:51:38.424	-0.0557	0.0029	1.0464	0.0	0.0	0.0	-1.362	-9.608	-53.745	35.4	-323	293	766	None	None	None	None	0.88834	-0.04843	-0.06934	-0.45129
 2023-8-14 11:51:38.426	-0.0557	0.0029	1.0464	0.0	0.0	0.0	-1.362	-9.608	-53.745	35.4	-323	293	766	None	None	None	None	0.88834	-0.04843	-0.06934	-0.45129
 2023-8-14 11:51:38.426	-0.0557	0.0029	1.0464	0.0	0.0	0.0	-1.362	-9.608	-53.745	35.4	-323	293	766	None	None	None	None	0.88834	-0.04843	-0.06934	-0.45129
 2023-8-14 11:51:38.428	-0.0557	0.0029	1.0464	0.0	0.0	0.0	-1.362	-9.608	-53.745	35.4	-323	293	767	None	None	None	None	0.88834	-0.04843	-0.06934	-0.45129
 2023-8-14 11:51:38.428	-0.0557	0.0029	1.0464	0.0	0.0	0.0	-1.362	-9.608	-53.745	35.4	-323	293	767	None	None	None	None	0.88834	-0.04843	-0.06934	-0.45129
 2023-8-14 11:51:38.430	-0.0557	0.0029	1.0464	0.0	0.0	0.0	-1.362	-9.608	-53.745	35.4	-322	293	767	None	None	None	None	0.88834	-0.04843	-0.06934	-0.45129
 2023-8-14 11:51:38.430	-0.0557	0.0029	1.0464	0.0	0.0	0.0	-1.362	-9.608	-53.745	35.4	-322	293	767	None	None	None	None	0.88834	-0.04843	-0.06934	-0.45129
 2023-8-14 11:51:38.432	-0.0557	0.0029	1.0464	0.0	0.0	0.0	-1.362	-9.608	-53.745	35.4	-322	293	767	None	None	None	None	0.88834	-0.04843	-0.06934	-0.45129
 2023-8-14 11:51:38.432	-0.0557	0.0029	1.0464	0.0	0.0	0.0	-1.362	-9.608	-53.745	35.4	-322	293	767	None	None	None	None	0.88834	-0.04843	-0.06934	-0.45129
 2023-8-14 11:51:38.434	-0.0557	0.0029	1.0464	0.0	0.0	0.0	-1.362	-9.608	-53.751	35.4	-322	293	767	None	None	None	None	0.88834	-0.04843	-0.06934	-0.45129
 2023-8-14 11:51:38.434	-0.0557	0.0029	1.0464	0.0	0.0	0.0	-1.362	-9.608	-53.751	35.4	-322	293	767	None	None	None	None	0.88834	-0.04843	-0.06934	-0.45129
 2023-8-14 11:51:38.436	-0.0562	0.0029	1.0464	0.0	0.0	0.0	-1.362	-9.608	-53.751	35.4	-322	293	767	None	None	None	None	0.88834	-0.04843	-0.06934	-0.45129
 2023-8-14 11:51:38.436	-0.0562	0.0029	1.0464	0.0	0.0	0.0	-1.362	-9.608	-53.751	35.4	-322	293	767	None	None	None	None	0.88834	-0.0484	-0.06934	-0.45129
 2023-8-14 11:51:38.438	-0.0562	0.0029	1.0464	0.0	0.0	0.0	-1.362	-9.608	-53.751	35.4	-322	293	767	None	None	None	None	0.88834	-0.0484	-0.06934	-0.45129
 2023-8-14 11:51:38.438	-0.0562	0.0029	1.0464	0.0	0.0	0.0	-1.362	-9.608	-53.751	35.4	-322	293	767	None	None	None	None	0.88834	-0.0484	-0.06934	-0.45129
 2023-8-14 11:51:38.440	-0.0562	0.0029	1.0464	0.0	0.0	0.0	-1.362	-9.608	-53.751	35.4	-322	293	768	None	None	None	None	0.88834	-0.0484	-0.06934	-0.45129
 2023-8-14 11:51:38.440	-0.0562	0.0029	1.0464	0.0	0.0	0.0	-1.362	-9.608	-53.751	35.4	-322	293	768	None	None	None	None	0.88834	-0.0484	-0.06934	-0.45129
 2023-8-14 11:51:38.442	-0.0562	0.0029	1.0464	0.0	0.0	0.0	-1.362	-9.608	-53.751	35.4	-322	293	768	None	None	None	None	0.88834	-0.0484	-0.06934	-0.45129
 2023-8-14 11:51:38.442	-0.0562	0.0029	1.0464	0.0	0.0	0.0	-1.362	-9.608	-53.751	35.4	-322	293	768	None	None	None	None	0.88834	-0.0484	-0.06934	-0.45129
 2023-8-14 11:51:38.444	-0.0562	0.0029	1.0464	0.0	0.0	0.0	-1.362	-9.608	-53.751	35.34	-322	294	768	None	None	None	None	0.88834	-0.0484	-0.06934	-0.45129
 2023-8-14 11:51:38.444	-0.0562	0.0029	1.0464	0.0	0.0	0.0	-1.362	-9.608	-53.751	35.34	-322	294	768	None	None	None	None	0.88834	-0.0484	-0.06934	-0.45129
 2023-8-14 11:51:38.446	-0.0562	0.0029	1.0464	0.0	0.0	0.0	-1.362	-9.608	-53.751	35.34	-322	294	769	None	None	None	None	0.88834	-0.0484	-0.06934	-0.45129
 2023-8-14 11:51:38.446	-0.0562	0.0029	1.0464	0.0	0.0	0.0	-1.362	-9.608	-53.751	35.34	-322	294	769	None	None	None	None	0.88834	-0.0484	-0.06934	-0.45129
 2023-8-14 11:51:38.448	-0.0562	0.0029	1.0464	0.0	0.0	0.0	-1.362	-9.608	-53.751	35.34	-322	294	769	None	None	None	None	0.88834	-0.0484	-0.06934	-0.45129
 2023-8-14 11:51:38.448	-0.0562	0.0029	1.0464	0.0	0.0	0.0	-1.362	-9.608	-53.751	35.34	-322	294	769	None	None	None	None	0.88834	-0.0484	-0.06934	-0.45129
 2023-8-14 11:51:38.450	-0.0562	0.0029	1.0464	0.0	0.0	0.0	-1.362	-9.608	-53.751	35.34	-323	294	769	None	None	None	None	0.88834	-0.0484	-0.06934	-0.45129
 2023-8-14 11:51:38.450	-0.0562	0.0029	1.0464	0.0	0.0	0.0	-1.362	-9.608	-53.751	35.34	-323	294	769	None	None	None	None	0.88834	-0.0484	-0.06934	-0.45129
 2023-8-14 11:51:38.452	-0.0562	0.0029	1.0464	0.0	0.0	0.0	-1.362	-9.608	-53.751	35.34	-323	294	768	None	None	None	None	0.88834	-0.0484	-0.06934	-0.45129
 2023-8-14 11:51:38.452	-0.0562	0.0029	1.0464	0.0	0.0	0.0	-1.362	-9.608	-53.751	35.34	-323	294	768	None	None	None	None	0.88834	-0.0484	-0.06934	-0.45129
 2023-8-14 11:51:38.454	-0.0562	0.0029	1.0464	0.0	0.0	0.0	-1.362	-9.608	-53.751	35.34	-323	294	768	None	None	None	None	0.88834	-0.0484	-0.06934	-0.45129
 2023-8-14 11:51:38.454	-0.0562	0.0029	1.0464	0.0	0.0	0.0	-1.362	-9.608	-53.751	35.34	-323	294	768	None	None	None	None	0.88834	-0.0484	-0.06934	-0.45129
 2023-8-14 11:51:38.456	-0.0562	0.0029	1.0464	0.0	0.0	0.0	-1.362	-9.608	-53.751	35.36	-324	294	767	None	None	None	None	0.88834	-0.0484	-0.06934	-0.45129
 2023-8-14 11:51:38.456	-0.0562	0.0029	1.0464	0.0	0.0	0.0	-1.362	-9.608	-53.751	35.36	-324	294	767	None	None	None	None	0.88834	-0.0484	-0.06934	-0.45129
 2023-8-14 11:51:38.458	-0.0562	0.0029	1.0464	0.0	0.0	0.0	-1.362	-9.608	-53.751	35.36	-324	294	767	None	None	None	None	0.88834	-0.0484	-0.06934	-0.45129
 2023-8-14 11:51:38.458	-0.0562	0.0029	1.0464	0.0	0.0	0.0	-1.362	-9.608	-53.751	35.36	-324	294	767	None	None	None	None	0.88834	-0.0484	-0.06934	-0.45132
 2023-8-14 11:51:38.460	-0.0562	0.0029	1.0464	0.0	0.0	0.0	-1.362	-9.608	-53.751	35.36	-324	294	767	None	None	None	None	0.88834	-0.0484	-0.06934	-0.45132
 2023-8-14 11:51:38.460	-0.0562	0.0029	1.0464	0.0	0.0	0.0	-1.362	-9.608	-53.751	35.36	-324	294	767	None	None	None	None	0.88834	-0.0484	-0.06934	-0.45132
 2023-8-14 11:51:38.462	-0.0562	0.0029	1.0464	0.0	0.0	0.0	-1.362	-9.608	-53.751	35.36	-325	294	767	None	None	None	None	0.88834	-0.0484	-0.06934	-0.45132
 2023-8-14 11:51:38.462	-0.0562	0.0029	1.0464	0.0	0.0	0.0	-1.362	-9.608	-53.751	35.36	-325	294	767	None	None	None	None	0.88834	-0.0484	-0.06934	-0.45132
 2023-8-14 11:51:38.464	-0.0562	0.0029	1.0464	0.0	0.0	0.0	-1.362	-9.608	-53.751	35.36	-325	294	767	None	None	None	None	0.88834	-0.0484	-0.06934	-0.45132
 2023-8-14 11:51:38.464	-0.0562	0.0029	1.0464	0.0	0.0	0.0	-1.362	-9.608	-53.751	35.36	-325	294	767	None	None	None	None	0.88834	-0.0484	-0.06934	-0.45132
 2023-8-14 11:51:38.466	-0.0562	0.0029	1.0464	0.0	0.0	0.0	-1.362	-9.608	-53.751	35.36	-326	294	767	None	None	None	None	0.88834	-0.0484	-0.06934	-0.45132
 2023-8-14 11:51:38.466	-0.0562	0.0029	1.0464	0.0	0.0	0.0	-1.362	-9.608	-53.751	35.36	-326	294	767	None	None	None	None	0.88834	-0.0484	-0.06934	-0.45132
 2023-8-14 11:51:38.468	-0.0562	0.0029	1.0464	0.0	0.0	0.0	-1.357	-9.608	-53.751	35.36	-326	294	767	None	None	None	None	0.88834	-0.0484	-0.06934	-0.45132
 2023-8-14 11:51:38.468	-0.0562	0.0029	1.0464	0.0	0.0	0.0	-1.357	-9.608	-53.751	35.36	-326	294	767	None	None	None	None	0.88831	-0.0484	-0.06934	-0.45132
 2023-8-14 11:51:38.470	-0.0562	0.0029	1.0464	0.0	0.0	0.0	-1.357	-9.608	-53.751	35.36	-327	294	767	None	None	None	None	0.88831	-0.0484	-0.06934	-0.45132
 2023-8-14 11:51:38.470	-0.0562	0.0029	1.0464	0.0	0.0	0.0	-1.357	-9.608	-53.751	35.36	-327	294	767	None	None	None	None	0.88831	-0.0484	-0.06934	-0.45132
 2023-8-14 11:51:38.472	-0.0562	0.0029	1.0464	0.0	0.0	0.0	-1.357	-9.608	-53.751	35.36	-327	294	767	None	None	None	None	0.88831	-0.0484	-0.06934	-0.45132
 2023-8-14 11:51:38.472	-0.0562	0.0029	1.0464	0.0	0.0	0.0	-1.357	-9.608	-53.751	35.36	-327	294	767	None	None	None	None	0.88831	-0.0484	-0.06934	-0.45132
 2023-8-14 11:51:38.474	-0.0562	0.0029	1.0464	0.0	0.0	0.0	-1.357	-9.608	-53.751	35.36	-327	294	766	None	None	None	None	0.88831	-0.0484	-0.06934	-0.45132
 2023-8-14 11:51:38.474	-0.0562	0.0029	1.0464	0.0	0.0	0.0	-1.357	-9.608	-53.751	35.36	-327	294	766	None	None	None	None	0.88831	-0.0484	-0.06934	-0.45132
 2023-8-14 11:51:38.476	-0.0562	0.0029	1.0464	0.0	0.0	0.0	-1.357	-9.608	-53.751	35.36	-327	294	766	None	None	None	None	0.88831	-0.0484	-0.06934	-0.45132
 2023-8-14 11:51:38.476	-0.0562	0.0029	1.0464	0.0	0.0	0.0	-1.357	-9.608	-53.751	35.36	-327	294	766	None	None	None	None	0.88831	-0.0484	-0.06934	-0.45135
 2023-8-14 11:51:38.478	-0.0562	0.0029	1.0464	0.0	0.0	0.0	-1.357	-9.608	-53.751	35.36	-327	294	766	None	None	None	None	0.88831	-0.0484	-0.06934	-0.45135
 2023-8-14 11:51:38.478	-0.0562	0.0029	1.0464	0.0	0.0	0.0	-1.357	-9.608	-53.751	35.36	-327	294	766	None	None	None	None	0.88831	-0.0484	-0.06934	-0.45135
 2023-8-14 11:51:38.480	-0.0562	0.0029	1.0464	0.0	0.0	0.0	-1.357	-9.608	-53.756	35.36	-327	294	766	None	None	None	None	0.88831	-0.0484	-0.06934	-0.45135
 2023-8-14 11:51:38.480	-0.0562	0.0029	1.0464	0.0	0.0	0.0	-1.357	-9.608	-53.756	35.36	-327	294	766	None	None	None	None	0.88831	-0.0484	-0.06934	-0.45135
 2023-8-14 11:51:38.482	-0.0562	0.0029	1.0464	0.0	0.0	0.0	-1.357	-9.608	-53.756	35.36	-327	294	766	None	None	None	None	0.88831	-0.0484	-0.06934	-0.45135
 2023-8-14 11:51:38.482	-0.0562	0.0029	1.0464	0.0	0.0	0.0	-1.357	-9.608	-53.756	35.36	-327	294	766	None	None	None	None	0.88831	-0.0484	-0.06934	-0.45135
 2023-8-14 11:51:38.484	-0.0562	0.0029	1.0464	0.0	0.0	0.0	-1.357	-9.608	-53.756	35.36	-327	294	766	None	None	None	None	0.88831	-0.0484	-0.06934	-0.45135
 2023-8-14 11:51:38.484	-0.0562	0.0029	1.0464	0.0	0.0	0.0	-1.357	-9.608	-53.756	35.36	-327	294	766	None	None	None	None	0.88831	-0.0484	-0.06934	-0.45135
 2023-8-14 11:51:38.486	-0.0562	0.0029	1.0464	0.0	0.0	0.0	-1.357	-9.608	-53.756	35.36	-327	294	766	None	None	None	None	0.88831	-0.0484	-0.06934	-0.45135
 2023-8-14 11:51:38.486	-0.0562	0.0029	1.0464	0.0	0.0	0.0	-1.357	-9.608	-53.756	35.36	-327	294	766	None	None	None	None	0.88831	-0.0484	-0.06934	-0.45135
 2023-8-14 11:51:38.488	-0.0562	0.0029	1.0464	0.0	0.0	0.0	-1.357	-9.608	-53.756	35.36	-327	294	766	None	None	None	None	0.88831	-0.0484	-0.06934	-0.45135
 2023-8-14 11:51:38.488	-0.0562	0.0029	1.0464	0.0	0.0	0.0	-1.357	-9.608	-53.756	35.36	-327	294	766	None	None	None	None	0.88831	-0.0484	-0.06934	-0.45135
 2023-8-14 11:51:38.490	-0.0562	0.0029	1.0464	0.0	0.0	0.0	-1.357	-9.608	-53.756	35.38	-327	294	766	None	None	None	None	0.88831	-0.0484	-0.06934	-0.45135
 2023-8-14 11:51:38.490	-0.0562	0.0029	1.0464	0.0	0.0	0.0	-1.357	-9.608	-53.756	35.38	-327	294	766	None	None	None	None	0.88831	-0.0484	-0.06934	-0.45139
 2023-8-14 11:51:38.492	-0.0562	0.0029	1.0464	0.0	0.0	0.0	-1.357	-9.608	-53.756	35.38	-327	295	766	None	None	None	None	0.88831	-0.0484	-0.06934	-0.45139
 2023-8-14 11:51:38.492	-0.0562	0.0029	1.0464	0.0	0.0	0.0	-1.357	-9.608	-53.756	35.38	-327	295	766	None	None	None	None	0.88831	-0.0484	-0.06934	-0.45139
 2023-8-14 11:51:38.494	-0.0562	0.0029	1.0464	0.0	0.0	0.0	-1.357	-9.608	-53.756	35.38	-327	295	766	None	None	None	None	0.88831	-0.0484	-0.06934	-0.45139
 2023-8-14 11:51:38.494	-0.0562	0.0029	1.0464	0.0	0.0	0.0	-1.357	-9.608	-53.756	35.38	-327	295	766	None	None	None	None	0.88831	-0.0484	-0.06934	-0.45139
 2023-8-14 11:51:38.496	-0.0562	0.0029	1.0464	0.0	0.0	0.0	-1.357	-9.608	-53.756	35.38	-327	295	766	None	None	None	None	0.88831	-0.0484	-0.06934	-0.45139
 2023-8-14 11:51:38.496	-0.0562	0.0029	1.0464	0.0	0.0	0.0	-1.357	-9.608	-53.756	35.38	-327	295	766	None	None	None	None	0.88828	-0.0484	-0.06934	-0.45139
 2023-8-14 11:51:38.498	-0.0562	0.0029	1.0464	0.0	0.0	0.0	-1.357	-9.608	-53.756	35.38	-327	295	766	None	None	None	None	0.88828	-0.0484	-0.06934	-0.45139
 2023-8-14 11:51:38.498	-0.0562	0.0029	1.0464	0.0	0.0	0.0	-1.357	-9.608	-53.756	35.38	-327	295	766	None	None	None	None	0.88828	-0.0484	-0.06934	-0.45139
 2023-8-14 11:51:38.500	-0.0562	0.0029	1.0464	0.0	0.0	0.0	-1.357	-9.608	-53.762	35.38	-327	294	766	None	None	None	None	0.88828	-0.0484	-0.06934	-0.45139
 2023-8-14 11:51:38.500	-0.0562	0.0029	1.0464	0.0	0.0	0.0	-1.357	-9.608	-53.762	35.38	-327	294	766	None	None	None	None	0.88828	-0.0484	-0.06934	-0.45139
 2023-8-14 11:51:38.502	-0.0562	0.0029	1.0464	0.0	0.0	0.0	-1.357	-9.608	-53.762	35.4	-327	294	766	None	None	None	None	0.88828	-0.0484	-0.06934	-0.45139
 2023-8-14 11:51:38.502	-0.0562	0.0029	1.0464	0.0	0.0	0.0	-1.357	-9.608	-53.762	35.4	-327	294	766	None	None	None	None	0.88828	-0.0484	-0.06934	-0.45139
 2023-8-14 11:51:38.504	-0.0562	0.0029	1.0464	0.0	0.0	0.0	-1.357	-9.608	-53.762	35.4	-327	293	766	None	None	None	None	0.88828	-0.0484	-0.06934	-0.45139
 2023-8-14 11:51:38.504	-0.0562	0.0029	1.0464	0.0	0.0	0.0	-1.357	-9.608	-53.762	35.4	-327	293	766	None	None	None	None	0.88828	-0.0484	-0.06934	-0.45139
 2023-8-14 11:51:38.506	-0.0562	0.0029	1.0464	0.0	0.0	0.0	-1.357	-9.608	-53.762	35.4	-327	293	766	None	None	None	None	0.88828	-0.0484	-0.06934	-0.45139
 2023-8-14 11:51:38.506	-0.0562	0.0029	1.0464	0.0	0.0	0.0	-1.357	-9.608	-53.762	35.4	-327	293	766	None	None	None	None	0.88828	-0.0484	-0.06934	-0.45142
 2023-8-14 11:51:38.508	-0.0562	0.0029	1.0464	0.0	0.0	0.0	-1.357	-9.608	-53.762	35.4	-327	293	766	None	None	None	None	0.88828	-0.0484	-0.06934	-0.45142
 2023-8-14 11:51:38.508	-0.0562	0.0029	1.0464	0.0	0.0	0.0	-1.357	-9.608	-53.762	35.4	-327	293	766	None	None	None	None	0.88828	-0.0484	-0.06934	-0.45142
 2023-8-14 11:51:38.510	-0.0562	0.0029	1.0464	0.0	0.0	0.0	-1.357	-9.608	-53.762	35.4	-327	292	766	None	None	None	None	0.88828	-0.0484	-0.06934	-0.45142
 2023-8-14 11:51:38.510	-0.0562	0.0029	1.0464	0.0	0.0	0.0	-1.357	-9.608	-53.762	35.4	-327	292	766	None	None	None	None	0.88828	-0.0484	-0.06934	-0.45142
 2023-8-14 11:51:38.512	-0.0562	0.0029	1.0464	0.0	0.0	0.0	-1.357	-9.608	-53.762	35.4	-327	292	767	None	None	None	None	0.88828	-0.0484	-0.06934	-0.45142
 2023-8-14 11:51:38.512	-0.0562	0.0029	1.0464	0.0	0.0	0.0	-1.357	-9.608	-53.762	35.4	-327	292	767	None	None	None	None	0.88828	-0.0484	-0.06934	-0.45142
 2023-8-14 11:51:38.514	-0.0562	0.0029	1.0464	0.0	0.0	0.0	-1.357	-9.608	-53.762	35.39	-327	292	768	None	None	None	None	0.88828	-0.0484	-0.06934	-0.45142
 2023-8-14 11:51:38.514	-0.0562	0.0029	1.0464	0.0	0.0	0.0	-1.357	-9.608	-53.762	35.39	-327	292	768	None	None	None	None	0.88828	-0.0484	-0.06934	-0.45142
 2023-8-14 11:51:38.516	-0.0566	0.0029	1.0464	0.0	0.0	0.0	-1.357	-9.608	-53.767	35.39	-327	292	768	None	None	None	None	0.88828	-0.0484	-0.06934	-0.45142
 2023-8-14 11:51:38.516	-0.0566	0.0029	1.0464	0.0	0.0	0.0	-1.357	-9.608	-53.767	35.39	-327	292	768	None	None	None	None	0.88828	-0.0484	-0.06934	-0.45145
 2023-8-14 11:51:38.518	-0.0566	0.0029	1.0464	0.0	0.0	0.0	-1.357	-9.608	-53.767	35.39	-327	292	769	None	None	None	None	0.88828	-0.0484	-0.06934	-0.45145
 2023-8-14 11:51:38.518	-0.0566	0.0029	1.0464	0.0	0.0	0.0	-1.357	-9.608	-53.767	35.39	-327	292	769	None	None	None	None	0.88828	-0.0484	-0.06934	-0.45145
 2023-8-14 11:51:38.520	-0.0566	0.0029	1.0464	0.0	0.0	0.0	-1.357	-9.608	-53.767	35.39	-327	292	769	None	None	None	None	0.88828	-0.0484	-0.06934	-0.45145
 2023-8-14 11:51:38.520	-0.0566	0.0029	1.0464	0.0	0.0	0.0	-1.357	-9.608	-53.767	35.39	-327	292	769	None	None	None	None	0.88824	-0.0484	-0.06934	-0.45145
 2023-8-14 11:51:38.522	-0.0566	0.0029	1.0464	0.0	0.0	0.0	-1.357	-9.608	-53.767	35.39	-327	292	770	None	None	None	None	0.88824	-0.0484	-0.06934	-0.45145
 2023-8-14 11:51:38.522	-0.0566	0.0029	1.0464	0.0	0.0	0.0	-1.357	-9.608	-53.767	35.39	-327	292	770	None	None	None	None	0.88824	-0.0484	-0.06934	-0.45145
 2023-8-14 11:51:38.524	-0.0566	0.0029	1.0464	0.0	0.0	0.0	-1.357	-9.608	-53.767	35.42	-328	292	770	None	None	None	None	0.88824	-0.0484	-0.06934	-0.45145
 2023-8-14 11:51:38.524	-0.0566	0.0029	1.0464	0.0	0.0	0.0	-1.357	-9.608	-53.767	35.42	-328	292	770	None	None	None	None	0.88824	-0.0484	-0.06934	-0.45145
 2023-8-14 11:51:38.526	-0.0566	0.0029	1.0464	0.0	0.0	0.0	-1.357	-9.608	-53.767	35.42	-328	292	771	None	None	None	None	0.88824	-0.0484	-0.06934	-0.45145
 2023-8-14 11:51:38.526	-0.0566	0.0029	1.0464	0.0	0.0	0.0	-1.357	-9.608	-53.767	35.42	-328	292	771	None	None	None	None	0.88824	-0.0484	-0.06934	-0.45148
 2023-8-14 11:51:38.528	-0.0566	0.0029	1.0464	0.0	0.0	0.0	-1.357	-9.608	-53.767	35.42	-328	292	771	None	None	None	None	0.88824	-0.0484	-0.06934	-0.45148
 2023-8-14 11:51:38.528	-0.0566	0.0029	1.0464	0.0	0.0	0.0	-1.357	-9.608	-53.767	35.42	-328	292	771	None	None	None	None	0.88824	-0.0484	-0.06934	-0.45148
 2023-8-14 11:51:38.530	-0.0566	0.0029	1.0464	0.0	0.0	0.0	-1.357	-9.608	-53.773	35.42	-329	293	772	None	None	None	None	0.88824	-0.0484	-0.06934	-0.45148
 2023-8-14 11:51:38.530	-0.0566	0.0029	1.0464	0.0	0.0	0.0	-1.357	-9.608	-53.773	35.42	-329	293	772	None	None	None	None	0.88824	-0.0484	-0.06934	-0.45148
 2023-8-14 11:51:38.532	-0.0566	0.0029	1.0464	0.0	0.0	0.0	-1.357	-9.608	-53.773	35.42	-329	293	772	None	None	None	None	0.88824	-0.0484	-0.06934	-0.45148
 2023-8-14 11:51:38.532	-0.0566	0.0029	1.0464	0.0	0.0	0.0	-1.357	-9.608	-53.773	35.42	-329	293	772	None	None	None	None	0.88824	-0.0484	-0.06934	-0.45148
 2023-8-14 11:51:38.534	-0.0566	0.0029	1.0464	0.0	0.0	0.0	-1.351	-9.608	-53.773	35.42	-329	293	773	None	None	None	None	0.88824	-0.0484	-0.06934	-0.45148
 2023-8-14 11:51:38.534	-0.0566	0.0029	1.0464	0.0	0.0	0.0	-1.351	-9.608	-53.773	35.42	-329	293	773	None	None	None	None	0.88824	-0.04837	-0.06934	-0.45148
 2023-8-14 11:51:38.536	-0.0566	0.0029	1.0464	0.0	0.0	0.0	-1.351	-9.608	-53.773	35.43	-329	293	773	None	None	None	None	0.88824	-0.04837	-0.06934	-0.45148
 2023-8-14 11:51:38.536	-0.0566	0.0029	1.0464	0.0	0.0	0.0	-1.351	-9.608	-53.773	35.43	-329	293	773	None	None	None	None	0.88824	-0.04837	-0.06934	-0.45151
 2023-8-14 11:51:38.538	-0.0566	0.0029	1.0464	0.0	0.0	0.0	-1.351	-9.608	-53.773	35.43	-329	293	772	None	None	None	None	0.88824	-0.04837	-0.06934	-0.45151
 2023-8-14 11:51:38.538	-0.0566	0.0029	1.0464	0.0	0.0	0.0	-1.351	-9.608	-53.773	35.43	-329	293	772	None	None	None	None	0.88824	-0.04837	-0.06934	-0.45151
 2023-8-14 11:51:38.540	-0.0566	0.0029	1.0464	0.0	0.0	0.0	-1.351	-9.608	-53.773	35.43	-329	292	772	None	None	None	None	0.88824	-0.04837	-0.06934	-0.45151
 2023-8-14 11:51:38.540	-0.0566	0.0029	1.0464	0.0	0.0	0.0	-1.351	-9.608	-53.773	35.43	-329	292	772	None	None	None	None	0.88821	-0.04837	-0.06937	-0.45151
 2023-8-14 11:51:38.542	-0.0566	0.0029	1.0464	0.0	0.0	0.0	-1.351	-9.608	-53.778	35.43	-328	292	771	None	None	None	None	0.88821	-0.04837	-0.06937	-0.45151
 2023-8-14 11:51:38.542	-0.0566	0.0029	1.0464	0.0	0.0	0.0	-1.351	-9.608	-53.778	35.43	-328	292	771	None	None	None	None	0.88821	-0.04837	-0.06937	-0.45151
 2023-8-14 11:51:38.544	-0.0566	0.0029	1.0464	0.0	0.0	0.0	-1.351	-9.608	-53.778	35.43	-328	292	771	None	None	None	None	0.88821	-0.04837	-0.06937	-0.45151
 2023-8-14 11:51:38.544	-0.0566	0.0029	1.0464	0.0	0.0	0.0	-1.351	-9.608	-53.778	35.43	-328	292	771	None	None	None	None	0.88821	-0.04837	-0.06937	-0.45151
 2023-8-14 11:51:38.546	-0.0566	0.0029	1.0464	0.0	0.0	0.0	-1.351	-9.608	-53.778	35.43	-328	292	770	None	None	None	None	0.88821	-0.04837	-0.06937	-0.45151
 2023-8-14 11:51:38.546	-0.0566	0.0029	1.0464	0.0	0.0	0.0	-1.351	-9.608	-53.778	35.43	-328	292	770	None	None	None	None	0.88821	-0.04837	-0.06937	-0.45154
 2023-8-14 11:51:38.548	-0.0566	0.0029	1.0464	0.0	0.0	0.0	-1.351	-9.608	-53.778	35.39	-328	291	770	None	None	None	None	0.88821	-0.04837	-0.06937	-0.45154
 2023-8-14 11:51:38.548	-0.0566	0.0029	1.0464	0.0	0.0	0.0	-1.351	-9.608	-53.778	35.39	-328	291	770	None	None	None	None	0.88821	-0.04837	-0.06937	-0.45154
 2023-8-14 11:51:38.550	-0.0566	0.0029	1.0464	0.0	0.0	0.0	-1.351	-9.608	-53.778	35.39	-328	292	770	None	None	None	None	0.88821	-0.04837	-0.06937	-0.45154
 2023-8-14 11:51:38.550	-0.0566	0.0029	1.0464	0.0	0.0	0.0	-1.351	-9.608	-53.778	35.39	-328	292	770	None	None	None	None	0.88821	-0.04837	-0.06937	-0.45154
 2023-8-14 11:51:38.552	-0.0566	0.0029	1.0464	0.0	0.0	0.0	-1.351	-9.608	-53.778	35.39	-329	292	770	None	None	None	None	0.88821	-0.04837	-0.06937	-0.45154
 2023-8-14 11:51:38.552	-0.0566	0.0029	1.0464	0.0	0.0	0.0	-1.351	-9.608	-53.778	35.39	-329	292	770	None	None	None	None	0.88821	-0.04837	-0.06937	-0.45154
 2023-8-14 11:51:38.554	-0.0566	0.0029	1.0464	0.0	0.0	0.0	-1.351	-9.608	-53.784	35.39	-329	292	770	None	None	None	None	0.88821	-0.04837	-0.06937	-0.45154
 2023-8-14 11:51:38.554	-0.0566	0.0029	1.0464	0.0	0.0	0.0	-1.351	-9.608	-53.784	35.39	-329	292	770	None	None	None	None	0.88821	-0.04837	-0.06937	-0.45157
 2023-8-14 11:51:38.556	-0.0571	0.0029	1.0464	0.0	0.0	0.0	-1.351	-9.608	-53.784	35.39	-330	292	769	None	None	None	None	0.88821	-0.04837	-0.06937	-0.45157
 2023-8-14 11:51:38.556	-0.0571	0.0029	1.0464	0.0	0.0	0.0	-1.351	-9.608	-53.784	35.39	-330	292	769	None	None	None	None	0.88818	-0.04837	-0.06937	-0.45157
 2023-8-14 11:51:38.558	-0.0571	0.0029	1.0464	0.0	0.0	0.0	-1.351	-9.608	-53.784	35.45	-330	293	769	None	None	None	None	0.88818	-0.04837	-0.06937	-0.45157
 2023-8-14 11:51:38.558	-0.0571	0.0029	1.0464	0.0	0.0	0.0	-1.351	-9.608	-53.784	35.45	-330	293	769	None	None	None	None	0.88818	-0.04837	-0.06937	-0.45157
 2023-8-14 11:51:38.560	-0.0571	0.0029	1.0464	0.0	0.0	0.0	-1.351	-9.608	-53.784	35.45	-330	293	769	None	None	None	None	0.88818	-0.04837	-0.06937	-0.45157
 2023-8-14 11:51:38.560	-0.0571	0.0029	1.0464	0.0	0.0	0.0	-1.351	-9.608	-53.784	35.45	-330	293	769	None	None	None	None	0.88818	-0.04837	-0.06937	-0.45157
 2023-8-14 11:51:38.562	-0.0571	0.0029	1.0464	0.0	0.0	0.0	-1.351	-9.608	-53.784	35.45	-330	293	769	None	None	None	None	0.88818	-0.04837	-0.06937	-0.45157
 2023-8-14 11:51:38.562	-0.0571	0.0029	1.0464	0.0	0.0	0.0	-1.351	-9.608	-53.784	35.45	-330	293	769	None	None	None	None	0.88818	-0.04837	-0.06937	-0.45157
 2023-8-14 11:51:38.564	-0.0571	0.0029	1.0464	0.0	0.0	0.0	-1.351	-9.608	-53.784	35.45	-330	294	769	None	None	None	None	0.88818	-0.04837	-0.06937	-0.45157
 2023-8-14 11:51:38.564	-0.0571	0.0029	1.0464	0.0	0.0	0.0	-1.351	-9.608	-53.784	35.45	-330	294	769	None	None	None	None	0.88818	-0.04837	-0.06937	-0.4516
 2023-8-14 11:51:38.566	-0.0571	0.0029	1.0464	0.0	0.0	0.0	-1.351	-9.608	-53.784	35.45	-329	294	769	None	None	None	None	0.88818	-0.04837	-0.06937	-0.4516
 2023-8-14 11:51:38.566	-0.0571	0.0029	1.0464	0.0	0.0	0.0	-1.351	-9.608	-53.784	35.45	-329	294	769	None	None	None	None	0.88818	-0.04837	-0.06937	-0.4516
 2023-8-14 11:51:38.568	-0.0571	0.0029	1.0464	0.0	0.0	0.0	-1.351	-9.608	-53.789	35.45	-329	295	769	None	None	None	None	0.88818	-0.04837	-0.06937	-0.4516
 2023-8-14 11:51:38.568	-0.0571	0.0029	1.0464	0.0	0.0	0.0	-1.351	-9.608	-53.789	35.45	-329	295	769	None	None	None	None	0.88818	-0.04837	-0.06937	-0.4516
 2023-8-14 11:51:38.570	-0.0571	0.0029	1.0464	0.0	0.0	0.0	-1.351	-9.608	-53.789	35.46	-329	295	769	None	None	None	None	0.88818	-0.04837	-0.06937	-0.4516
 2023-8-14 11:51:38.570	-0.0571	0.0029	1.0464	0.0	0.0	0.0	-1.351	-9.608	-53.789	35.46	-329	295	769	None	None	None	None	0.88818	-0.04837	-0.06937	-0.4516
 2023-8-14 11:51:38.572	-0.0571	0.0029	1.0464	0.0	0.0	0.0	-1.351	-9.608	-53.789	35.46	-329	296	768	None	None	None	None	0.88818	-0.04837	-0.06937	-0.4516
 2023-8-14 11:51:38.572	-0.0571	0.0029	1.0464	0.0	0.0	0.0	-1.351	-9.608	-53.789	35.46	-329	296	768	None	None	None	None	0.88818	-0.04837	-0.06937	-0.4516
 2023-8-14 11:51:38.574	-0.0571	0.0029	1.0464	0.0	0.0	0.0	-1.351	-9.608	-53.789	35.46	-328	296	768	None	None	None	None	0.88818	-0.04837	-0.06937	-0.4516
 2023-8-14 11:51:38.574	-0.0571	0.0029	1.0464	0.0	0.0	0.0	-1.351	-9.608	-53.789	35.46	-328	296	768	None	None	None	None	0.88818	-0.04837	-0.06937	-0.4516
 2023-8-14 11:51:38.576	-0.0571	0.0029	1.0464	0.0	0.0	0.0	-1.351	-9.608	-53.789	35.46	-328	296	767	None	None	None	None	0.88818	-0.04837	-0.06937	-0.4516
 2023-8-14 11:51:38.576	-0.0571	0.0029	1.0464	0.0	0.0	0.0	-1.351	-9.608	-53.789	35.46	-328	296	767	None	None	None	None	0.88818	-0.04837	-0.06937	-0.4516
 2023-8-14 11:51:38.578	-0.0571	0.0029	1.0464	0.0	0.0	0.0	-1.351	-9.608	-53.789	35.46	-327	296	767	None	None	None	None	0.88818	-0.04837	-0.06937	-0.4516
 2023-8-14 11:51:38.578	-0.0571	0.0029	1.0464	0.0	0.0	0.0	-1.351	-9.608	-53.789	35.46	-327	296	767	None	None	None	None	0.88818	-0.04837	-0.06937	-0.4516
 2023-8-14 11:51:38.580	-0.0571	0.0029	1.0464	0.0	0.0	0.0	-1.351	-9.608	-53.789	35.46	-326	296	766	None	None	None	None	0.88818	-0.04837	-0.06937	-0.4516
 2023-8-14 11:51:38.580	-0.0571	0.0029	1.0464	0.0	0.0	0.0	-1.351	-9.608	-53.789	35.46	-326	296	766	None	None	None	None	0.88818	-0.04837	-0.06937	-0.4516
 2023-8-14 11:51:38.582	-0.0571	0.0029	1.0464	0.0	0.0	0.0	-1.351	-9.608	-53.789	35.4	-326	296	765	None	None	None	None	0.88818	-0.04837	-0.06937	-0.4516
 2023-8-14 11:51:38.582	-0.0571	0.0029	1.0464	0.0	0.0	0.0	-1.351	-9.608	-53.789	35.4	-326	296	765	None	None	None	None	0.88818	-0.04837	-0.06937	-0.45163
 2023-8-14 11:51:38.584	-0.0571	0.0029	1.0464	0.0	0.0	0.0	-1.351	-9.608	-53.789	35.4	-325	296	765	None	None	None	None	0.88818	-0.04837	-0.06937	-0.45163
 2023-8-14 11:51:38.584	-0.0571	0.0029	1.0464	0.0	0.0	0.0	-1.351	-9.608	-53.789	35.4	-325	296	765	None	None	None	None	0.88818	-0.04837	-0.06937	-0.4516
 2023-8-14 11:51:38.586	-0.0571	0.0029	1.0464	0.0	0.0	0.0	-1.351	-9.608	-53.789	35.4	-325	297	764	None	None	None	None	0.88818	-0.04837	-0.06937	-0.4516
 2023-8-14 11:51:38.586	-0.0571	0.0029	1.0464	0.0	0.0	0.0	-1.351	-9.608	-53.789	35.4	-325	297	764	None	None	None	None	0.88818	-0.04837	-0.06937	-0.4516
 2023-8-14 11:51:38.588	-0.0571	0.0029	1.0464	0.0	0.0	0.0	-1.351	-9.608	-53.789	35.4	-325	296	764	None	None	None	None	0.88818	-0.04837	-0.06937	-0.4516
 2023-8-14 11:51:38.588	-0.0571	0.0029	1.0464	0.0	0.0	0.0	-1.351	-9.608	-53.789	35.4	-325	296	764	None	None	None	None	0.88818	-0.04837	-0.06937	-0.4516
 2023-8-14 11:51:38.590	-0.0571	0.0029	1.0464	0.0	0.0	0.0	-1.351	-9.608	-53.789	35.4	-326	296	763	None	None	None	None	0.88818	-0.04837	-0.06937	-0.4516
 2023-8-14 11:51:38.590	-0.0571	0.0029	1.0464	0.0	0.0	0.0	-1.351	-9.608	-53.789	35.4	-326	296	763	None	None	None	None	0.88818	-0.04837	-0.06937	-0.4516
 2023-8-14 11:51:38.592	-0.0571	0.0029	1.0464	0.0	0.0	0.0	-1.351	-9.608	-53.789	35.4	-327	296	763	None	None	None	None	0.88818	-0.04837	-0.06937	-0.4516
 2023-8-14 11:51:38.592	-0.0571	0.0029	1.0464	0.0	0.0	0.0	-1.351	-9.608	-53.789	35.4	-327	296	763	None	None	None	None	0.88818	-0.04837	-0.06937	-0.45163
 2023-8-14 11:51:38.594	-0.0571	0.0029	1.0464	0.0	0.0	0.0	-1.351	-9.608	-53.789	35.43	-327	296	762	None	None	None	None	0.88818	-0.04837	-0.06937	-0.45163
 2023-8-14 11:51:38.594	-0.0571	0.0029	1.0464	0.0	0.0	0.0	-1.351	-9.608	-53.789	35.43	-327	296	762	None	None	None	None	0.88818	-0.04837	-0.06937	-0.45163
 2023-8-14 11:51:38.596	-0.0571	0.0029	1.0464	0.0	0.0	0.0	-1.351	-9.608	-53.789	35.43	-327	296	762	None	None	None	None	0.88818	-0.04837	-0.06937	-0.45163
 2023-8-14 11:51:38.596	-0.0571	0.0029	1.0464	0.0	0.0	0.0	-1.351	-9.608	-53.789	35.43	-327	296	762	None	None	None	None	0.88818	-0.04837	-0.06937	-0.45163
 2023-8-14 11:51:38.598	-0.0571	0.0029	1.0464	0.0	0.0	0.0	-1.351	-9.608	-53.789	35.43	-328	296	762	None	None	None	None	0.88818	-0.04837	-0.06937	-0.45163
 2023-8-14 11:51:38.598	-0.0571	0.0029	1.0464	0.0	0.0	0.0	-1.351	-9.608	-53.789	35.43	-328	296	762	None	None	None	None	0.88818	-0.04837	-0.06937	-0.45163
 2023-8-14 11:51:38.600	-0.0571	0.0029	1.0464	0.0	0.0	0.0	-1.351	-9.608	-53.789	35.43	-328	296	761	None	None	None	None	0.88818	-0.04837	-0.06937	-0.45163
 2023-8-14 11:51:38.600	-0.0571	0.0029	1.0464	0.0	0.0	0.0	-1.351	-9.608	-53.789	35.43	-328	296	761	None	None	None	None	0.88815	-0.04837	-0.06937	-0.45163
 2023-8-14 11:51:38.602	-0.0571	0.0029	1.0464	0.0	0.0	0.0	-1.351	-9.608	-53.789	35.43	-327	296	761	None	None	None	None	0.88815	-0.04837	-0.06937	-0.45163
 2023-8-14 11:51:38.602	-0.0571	0.0029	1.0464	0.0	0.0	0.0	-1.351	-9.608	-53.789	35.43	-327	296	761	None	None	None	None	0.88815	-0.04837	-0.06937	-0.45163
 2023-8-14 11:51:38.604	-0.0571	0.0029	1.0464	0.0	0.0	0.0	-1.351	-9.608	-53.789	35.35	-327	296	761	None	None	None	None	0.88815	-0.04837	-0.06937	-0.45163
 2023-8-14 11:51:38.604	-0.0571	0.0029	1.0464	0.0	0.0	0.0	-1.351	-9.608	-53.789	35.35	-327	296	761	None	None	None	None	0.88815	-0.04837	-0.06937	-0.45163
 2023-8-14 11:51:38.606	-0.0571	0.0029	1.0464	0.0	0.0	0.0	-1.351	-9.608	-53.789	35.35	-327	296	761	None	None	None	None	0.88815	-0.04837	-0.06937	-0.45163
 2023-8-14 11:51:38.606	-0.0571	0.0029	1.0464	0.0	0.0	0.0	-1.351	-9.608	-53.789	35.35	-327	296	761	None	None	None	None	0.88815	-0.04834	-0.06937	-0.45163
 2023-8-14 11:51:38.608	-0.0571	0.0029	1.0464	0.0	0.0	0.0	-1.351	-9.608	-53.789	35.35	-327	296	761	None	None	None	None	0.88815	-0.04834	-0.06937	-0.45163
 2023-8-14 11:51:38.608	-0.0571	0.0029	1.0464	0.0	0.0	0.0	-1.351	-9.608	-53.789	35.35	-327	296	761	None	None	None	None	0.88815	-0.04834	-0.06937	-0.45163
 2023-8-14 11:51:38.610	-0.0571	0.0029	1.0464	0.0	0.0	0.0	-1.351	-9.608	-53.789	35.35	-327	296	761	None	None	None	None	0.88815	-0.04834	-0.06937	-0.45163
 2023-8-14 11:51:38.610	-0.0571	0.0029	1.0464	0.0	0.0	0.0	-1.351	-9.608	-53.789	35.35	-327	296	761	None	None	None	None	0.88815	-0.04834	-0.06937	-0.45163
 2023-8-14 11:51:38.612	-0.0571	0.0029	1.0464	0.0	0.0	0.0	-1.351	-9.608	-53.789	35.35	-327	297	761	None	None	None	None	0.88815	-0.04834	-0.06937	-0.45163
 2023-8-14 11:51:38.612	-0.0571	0.0029	1.0464	0.0	0.0	0.0	-1.351	-9.608	-53.789	35.35	-327	297	761	None	None	None	None	0.88815	-0.04834	-0.06937	-0.45163
 2023-8-14 11:51:38.614	-0.0571	0.0029	1.0464	0.0	0.0	0.0	-1.351	-9.608	-53.789	35.35	-327	297	761	None	None	None	None	0.88815	-0.04834	-0.06937	-0.45163
 2023-8-14 11:51:38.614	-0.0571	0.0029	1.0464	0.0	0.0	0.0	-1.351	-9.608	-53.789	35.35	-327	297	761	None	None	None	None	0.88815	-0.04834	-0.06937	-0.45163
 2023-8-14 11:51:38.616	-0.0571	0.0029	1.0464	0.0	0.0	0.0	-1.351	-9.608	-53.789	35.36	-328	297	762	None	None	None	None	0.88815	-0.04834	-0.06937	-0.45163
 2023-8-14 11:51:38.616	-0.0571	0.0029	1.0464	0.0	0.0	0.0	-1.351	-9.608	-53.789	35.36	-328	297	762	None	None	None	None	0.88815	-0.04834	-0.06937	-0.45163
 2023-8-14 11:51:38.618	-0.0571	0.0029	1.0464	0.0	0.0	0.0	-1.351	-9.608	-53.795	35.36	-328	297	762	None	None	None	None	0.88815	-0.04834	-0.06937	-0.45163
 2023-8-14 11:51:38.618	-0.0571	0.0029	1.0464	0.0	0.0	0.0	-1.351	-9.608	-53.795	35.36	-328	297	762	None	None	None	None	0.88815	-0.04834	-0.06937	-0.45163
 2023-8-14 11:51:38.620	-0.0571	0.0029	1.0464	0.0	0.0	0.0	-1.351	-9.608	-53.795	35.36	-329	297	762	None	None	None	None	0.88815	-0.04834	-0.06937	-0.45163
 2023-8-14 11:51:38.620	-0.0571	0.0029	1.0464	0.0	0.0	0.0	-1.351	-9.608	-53.795	35.36	-329	297	762	None	None	None	None	0.88815	-0.04834	-0.06937	-0.45163
 2023-8-14 11:51:38.622	-0.0571	0.0029	1.0464	0.0	0.0	0.0	-1.351	-9.608	-53.795	35.36	-329	297	762	None	None	None	None	0.88815	-0.04834	-0.06937	-0.45163
 2023-8-14 11:51:38.622	-0.0571	0.0029	1.0464	0.0	0.0	0.0	-1.351	-9.608	-53.795	35.36	-329	297	762	None	None	None	None	0.88815	-0.04834	-0.06937	-0.45163
 2023-8-14 11:51:38.624	-0.0571	0.0029	1.0464	0.0	0.0	0.0	-1.346	-9.608	-53.795	35.36	-329	297	763	None	None	None	None	0.88815	-0.04834	-0.06937	-0.45163
 2023-8-14 11:51:38.624	-0.0571	0.0029	1.0464	0.0	0.0	0.0	-1.346	-9.608	-53.795	35.36	-329	297	763	None	None	None	None	0.88815	-0.04834	-0.06937	-0.45166
 2023-8-14 11:51:38.626	-0.0571	0.0029	1.0464	0.0	0.0	0.0	-1.346	-9.608	-53.795	35.36	-330	297	762	None	None	None	None	0.88815	-0.04834	-0.06937	-0.45166
 2023-8-14 11:51:38.626	-0.0571	0.0029	1.0464	0.0	0.0	0.0	-1.346	-9.608	-53.795	35.36	-330	297	762	None	None	None	None	0.88815	-0.04834	-0.06937	-0.45166
 2023-8-14 11:51:38.628	-0.0571	0.0029	1.0464	0.0	0.0	0.0	-1.346	-9.608	-53.795	35.37	-330	297	762	None	None	None	None	0.88815	-0.04834	-0.06937	-0.45166
 2023-8-14 11:51:38.628	-0.0571	0.0029	1.0464	0.0	0.0	0.0	-1.346	-9.608	-53.795	35.37	-330	297	762	None	None	None	None	0.88815	-0.04834	-0.06937	-0.45166
 2023-8-14 11:51:38.630	-0.0571	0.0029	1.0464	0.0	0.0	0.0	-1.346	-9.608	-53.795	35.37	-330	297	762	None	None	None	None	0.88815	-0.04834	-0.06937	-0.45166
 2023-8-14 11:51:38.630	-0.0571	0.0029	1.0464	0.0	0.0	0.0	-1.346	-9.608	-53.795	35.37	-330	297	762	None	None	None	None	0.88815	-0.04834	-0.06937	-0.45166
 2023-8-14 11:51:38.632	-0.0571	0.0029	1.0464	0.0	0.0	0.0	-1.346	-9.608	-53.795	35.37	-330	297	762	None	None	None	None	0.88815	-0.04834	-0.06937	-0.45166
 2023-8-14 11:51:38.632	-0.0571	0.0029	1.0464	0.0	0.0	0.0	-1.346	-9.608	-53.795	35.37	-330	297	762	None	None	None	None	0.88815	-0.04834	-0.06937	-0.45166
 2023-8-14 11:51:38.634	-0.0571	0.0029	1.0464	0.0	0.0	0.0	-1.346	-9.608	-53.795	35.37	-331	297	761	None	None	None	None	0.88815	-0.04834	-0.06937	-0.45166
 2023-8-14 11:51:38.634	-0.0571	0.0029	1.0464	0.0	0.0	0.0	-1.346	-9.608	-53.795	35.37	-331	297	761	None	None	None	None	0.88815	-0.04834	-0.06937	-0.45166
 2023-8-14 11:51:38.636	-0.0566	0.0029	1.0464	0.0	0.0	0.0	-1.346	-9.608	-53.795	35.37	-331	297	761	None	None	None	None	0.88815	-0.04834	-0.06937	-0.45166
 2023-8-14 11:51:38.636	-0.0566	0.0029	1.0464	0.0	0.0	0.0	-1.346	-9.608	-53.795	35.37	-331	297	761	None	None	None	None	0.88815	-0.04834	-0.06937	-0.45166
 2023-8-14 11:51:38.638	-0.0566	0.0029	1.0464	0.0	0.0	0.0	-1.346	-9.608	-53.795	35.37	-331	298	762	None	None	None	None	0.88815	-0.04834	-0.06937	-0.45166
 2023-8-14 11:51:38.638	-0.0566	0.0029	1.0464	0.0	0.0	0.0	-1.346	-9.608	-53.795	35.37	-331	298	762	None	None	None	None	0.88815	-0.04834	-0.06937	-0.45166
 2023-8-14 11:51:38.640	-0.0566	0.0029	1.0464	0.0	0.0	0.0	-1.346	-9.608	-53.795	35.38	-331	298	762	None	None	None	None	0.88815	-0.04834	-0.06937	-0.45166
 2023-8-14 11:51:38.640	-0.0566	0.0029	1.0464	0.0	0.0	0.0	-1.346	-9.608	-53.795	35.38	-331	298	762	None	None	None	None	0.88815	-0.04834	-0.06937	-0.45169
 2023-8-14 11:51:38.642	-0.0566	0.0029	1.0464	0.0	0.0	0.0	-1.346	-9.608	-53.8	35.38	-330	299	762	None	None	None	None	0.88815	-0.04834	-0.06937	-0.45169
 2023-8-14 11:51:38.642	-0.0566	0.0029	1.0464	0.0	0.0	0.0	-1.346	-9.608	-53.8	35.38	-330	299	762	None	None	None	None	0.88815	-0.04834	-0.06937	-0.45169
 2023-8-14 11:51:38.644	-0.0566	0.0029	1.0464	0.0	0.0	0.0	-1.346	-9.608	-53.8	35.38	-330	299	762	None	None	None	None	0.88815	-0.04834	-0.06937	-0.45169
 2023-8-14 11:51:38.644	-0.0566	0.0029	1.0464	0.0	0.0	0.0	-1.346	-9.608	-53.8	35.38	-330	299	762	None	None	None	None	0.88815	-0.04834	-0.06937	-0.45169
 2023-8-14 11:51:38.646	-0.0566	0.0029	1.0464	0.0	0.0	0.0	-1.346	-9.608	-53.8	35.38	-330	300	763	None	None	None	None	0.88815	-0.04834	-0.06937	-0.45169
 2023-8-14 11:51:38.646	-0.0566	0.0029	1.0464	0.0	0.0	0.0	-1.346	-9.608	-53.8	35.38	-330	300	763	None	None	None	None	0.88815	-0.04834	-0.06937	-0.45169
 2023-8-14 11:51:38.648	-0.0566	0.0029	1.0464	0.0	0.0	0.0	-1.346	-9.608	-53.8	35.38	-330	300	763	None	None	None	None	0.88815	-0.04834	-0.06937	-0.45169
 2023-8-14 11:51:38.648	-0.0566	0.0029	1.0464	0.0	0.0	0.0	-1.346	-9.608	-53.8	35.38	-330	300	763	None	None	None	None	0.88815	-0.04834	-0.06937	-0.45169
 2023-8-14 11:51:38.650	-0.0566	0.0029	1.0464	0.0	0.0	0.0	-1.346	-9.608	-53.8	35.43	-330	300	763	None	None	None	None	0.88815	-0.04834	-0.06937	-0.45169
 2023-8-14 11:51:38.650	-0.0566	0.0029	1.0464	0.0	0.0	0.0	-1.346	-9.608	-53.8	35.43	-330	300	763	None	None	None	None	0.88812	-0.04834	-0.06937	-0.45169
 2023-8-14 11:51:38.652	-0.0566	0.0029	1.0464	0.0	0.0	0.0	-1.346	-9.608	-53.8	35.43	-330	299	763	None	None	None	None	0.88812	-0.04834	-0.06937	-0.45169
 2023-8-14 11:51:38.652	-0.0566	0.0029	1.0464	0.0	0.0	0.0	-1.346	-9.608	-53.8	35.43	-330	299	763	None	None	None	None	0.88812	-0.04834	-0.06937	-0.45169
 2023-8-14 11:51:38.654	-0.0566	0.0029	1.0464	0.0	0.0	0.0	-1.346	-9.608	-53.8	35.43	-329	299	763	None	None	None	None	0.88812	-0.04834	-0.06937	-0.45169
 2023-8-14 11:51:38.654	-0.0566	0.0029	1.0464	0.0	0.0	0.0	-1.346	-9.608	-53.8	35.43	-329	299	763	None	None	None	None	0.88812	-0.04834	-0.06937	-0.45169
 2023-8-14 11:51:38.656	-0.0566	0.0029	1.0464	0.0	0.0	0.0	-1.346	-9.608	-53.8	35.43	-329	299	763	None	None	None	None	0.88812	-0.04834	-0.06937	-0.45169
 2023-8-14 11:51:38.656	-0.0566	0.0029	1.0464	0.0	0.0	0.0	-1.346	-9.608	-53.8	35.43	-329	299	763	None	None	None	None	0.88812	-0.04834	-0.06937	-0.45169
 2023-8-14 11:51:38.658	-0.0566	0.0029	1.0464	0.0	0.0	0.0	-1.346	-9.608	-53.8	35.43	-329	299	763	None	None	None	None	0.88812	-0.04834	-0.06937	-0.45169
 2023-8-14 11:51:38.658	-0.0566	0.0029	1.0464	0.0	0.0	0.0	-1.346	-9.608	-53.8	35.43	-329	299	763	None	None	None	None	0.88812	-0.04834	-0.06937	-0.45169
 2023-8-14 11:51:38.660	-0.0566	0.0029	1.0464	0.0	0.0	0.0	-1.346	-9.608	-53.8	35.43	-328	299	764	None	None	None	None	0.88812	-0.04834	-0.06937	-0.45169
 2023-8-14 11:51:38.660	-0.0566	0.0029	1.0464	0.0	0.0	0.0	-1.346	-9.608	-53.8	35.43	-328	299	764	None	None	None	None	0.88812	-0.04834	-0.06937	-0.45169
 2023-8-14 11:51:38.662	-0.0566	0.0029	1.0464	0.0	0.0	0.0	-1.346	-9.608	-53.8	35.39	-328	299	764	None	None	None	None	0.88812	-0.04834	-0.06937	-0.45169
 2023-8-14 11:51:38.662	-0.0566	0.0029	1.0464	0.0	0.0	0.0	-1.346	-9.608	-53.8	35.39	-328	299	764	None	None	None	None	0.88812	-0.04834	-0.06937	-0.45169
 2023-8-14 11:51:38.664	-0.0566	0.0029	1.0464	0.0	0.0	0.0	-1.346	-9.608	-53.8	35.39	-327	298	765	None	None	None	None	0.88812	-0.04834	-0.06937	-0.45169
 2023-8-14 11:51:38.664	-0.0566	0.0029	1.0464	0.0	0.0	0.0	-1.346	-9.608	-53.8	35.39	-327	298	765	None	None	None	None	0.88812	-0.04834	-0.06937	-0.45169
 2023-8-14 11:51:38.666	-0.0566	0.0029	1.0464	0.0	0.0	0.0	-1.346	-9.608	-53.8	35.39	-327	298	765	None	None	None	None	0.88812	-0.04834	-0.06937	-0.45169
 2023-8-14 11:51:38.666	-0.0566	0.0029	1.0464	0.0	0.0	0.0	-1.346	-9.608	-53.8	35.39	-327	298	765	None	None	None	None	0.88812	-0.04834	-0.06937	-0.45169
 2023-8-14 11:51:38.668	-0.0566	0.0029	1.0464	0.0	0.0	0.0	-1.346	-9.608	-53.8	35.39	-326	298	766	None	None	None	None	0.88812	-0.04834	-0.06937	-0.45169
 2023-8-14 11:51:38.668	-0.0566	0.0029	1.0464	0.0	0.0	0.0	-1.346	-9.608	-53.8	35.39	-326	298	766	None	None	None	None	0.88812	-0.04834	-0.06937	-0.45169
 2023-8-14 11:51:38.670	-0.0566	0.0029	1.0464	0.0	0.0	0.0	-1.346	-9.608	-53.8	35.39	-326	298	767	None	None	None	None	0.88812	-0.04834	-0.06937	-0.45169
 2023-8-14 11:51:38.670	-0.0566	0.0029	1.0464	0.0	0.0	0.0	-1.346	-9.608	-53.8	35.39	-326	298	767	None	None	None	None	0.88812	-0.04834	-0.06937	-0.45169
 2023-8-14 11:51:38.672	-0.0566	0.0029	1.0464	0.0	0.0	0.0	-1.346	-9.608	-53.8	35.39	-325	298	767	None	None	None	None	0.88812	-0.04834	-0.06937	-0.45169
 2023-8-14 11:51:38.672	-0.0566	0.0029	1.0464	0.0	0.0	0.0	-1.346	-9.608	-53.8	35.39	-325	298	767	None	None	None	None	0.88812	-0.04834	-0.06937	-0.45169
 2023-8-14 11:51:38.674	-0.0566	0.0029	1.0464	0.0	0.0	0.0	-1.346	-9.608	-53.8	35.38	-325	298	768	None	None	None	None	0.88812	-0.04834	-0.06937	-0.45169
 2023-8-14 11:51:38.674	-0.0566	0.0029	1.0464	0.0	0.0	0.0	-1.346	-9.608	-53.8	35.38	-325	298	768	None	None	None	None	0.88812	-0.04834	-0.06937	-0.45169
 2023-8-14 11:51:38.676	-0.0566	0.0024	1.0464	0.0	0.0	0.0	-1.346	-9.608	-53.8	35.38	-325	297	768	None	None	None	None	0.88812	-0.04834	-0.06937	-0.45169
 2023-8-14 11:51:38.676	-0.0566	0.0024	1.0464	0.0	0.0	0.0	-1.346	-9.608	-53.8	35.38	-325	297	768	None	None	None	None	0.88815	-0.04834	-0.06937	-0.45169
 2023-8-14 11:51:38.678	-0.0566	0.0024	1.0464	0.0	0.0	0.0	-1.346	-9.608	-53.8	35.38	-326	296	767	None	None	None	None	0.88815	-0.04834	-0.06937	-0.45169
 2023-8-14 11:51:38.678	-0.0566	0.0024	1.0464	0.0	0.0	0.0	-1.346	-9.608	-53.8	35.38	-326	296	767	None	None	None	None	0.88815	-0.04834	-0.06937	-0.45169
 2023-8-14 11:51:38.680	-0.0566	0.0024	1.0464	0.0	0.0	0.0	-1.346	-9.608	-53.8	35.38	-326	296	767	None	None	None	None	0.88815	-0.04834	-0.06937	-0.45169
 2023-8-14 11:51:38.680	-0.0566	0.0024	1.0464	0.0	0.0	0.0	-1.346	-9.608	-53.8	35.38	-326	296	767	None	None	None	None	0.88815	-0.04834	-0.06937	-0.45169
 2023-8-14 11:51:38.682	-0.0566	0.0024	1.0464	0.0	0.0	0.0	-1.346	-9.608	-53.8	35.38	-326	295	767	None	None	None	None	0.88815	-0.04834	-0.06937	-0.45169
 2023-8-14 11:51:38.682	-0.0566	0.0024	1.0464	0.0	0.0	0.0	-1.346	-9.608	-53.8	35.38	-326	295	767	None	None	None	None	0.88812	-0.04834	-0.06937	-0.45169
 2023-8-14 11:51:38.684	-0.0566	0.0024	1.0464	0.0	0.0	0.0	-1.346	-9.608	-53.8	35.47	-327	295	767	None	None	None	None	0.88812	-0.04834	-0.06937	-0.45169
 2023-8-14 11:51:38.684	-0.0566	0.0024	1.0464	0.0	0.0	0.0	-1.346	-9.608	-53.8	35.47	-327	295	767	None	None	None	None	0.88812	-0.04834	-0.06937	-0.45169
 2023-8-14 11:51:38.686	-0.0566	0.0024	1.0464	0.0	0.0	0.0	-1.346	-9.602	-53.8	35.47	-327	294	767	None	None	None	None	0.88812	-0.04834	-0.06937	-0.45169
 2023-8-14 11:51:38.686	-0.0566	0.0024	1.0464	0.0	0.0	0.0	-1.346	-9.602	-53.8	35.47	-327	294	767	None	None	None	None	0.88812	-0.04834	-0.06937	-0.45169
 2023-8-14 11:51:38.688	-0.0566	0.0024	1.0464	0.0	0.0	0.0	-1.346	-9.602	-53.8	35.47	-328	295	766	None	None	None	None	0.88812	-0.04834	-0.06937	-0.45169
 2023-8-14 11:51:38.688	-0.0566	0.0024	1.0464	0.0	0.0	0.0	-1.346	-9.602	-53.8	35.47	-328	295	766	None	None	None	None	0.88812	-0.04834	-0.06937	-0.45169
 2023-8-14 11:51:38.690	-0.0566	0.0024	1.0464	0.0	0.0	0.0	-1.346	-9.602	-53.8	35.47	-328	295	765	None	None	None	None	0.88812	-0.04834	-0.06937	-0.45169
 2023-8-14 11:51:38.690	-0.0566	0.0024	1.0464	0.0	0.0	0.0	-1.346	-9.602	-53.8	35.47	-328	295	765	None	None	None	None	0.88812	-0.04834	-0.06937	-0.45169
 2023-8-14 11:51:38.692	-0.0566	0.0024	1.0464	0.0	0.0	0.0	-1.346	-9.602	-53.8	35.47	-329	295	764	None	None	None	None	0.88812	-0.04834	-0.06937	-0.45169
 2023-8-14 11:51:38.692	-0.0566	0.0024	1.0464	0.0	0.0	0.0	-1.346	-9.602	-53.8	35.47	-329	295	764	None	None	None	None	0.88812	-0.04834	-0.06937	-0.45169
 2023-8-14 11:51:38.694	-0.0566	0.0024	1.0464	0.0	0.0	0.0	-1.346	-9.602	-53.8	35.47	-330	295	763	None	None	None	None	0.88812	-0.04834	-0.06937	-0.45169
 2023-8-14 11:51:38.694	-0.0566	0.0024	1.0464	0.0	0.0	0.0	-1.346	-9.602	-53.8	35.47	-330	295	763	None	None	None	None	0.88812	-0.04834	-0.06937	-0.45172
 2023-8-14 11:51:38.696	-0.0566	0.0024	1.0464	0.0	0.0	0.0	-1.346	-9.602	-53.8	35.39	-330	296	763	None	None	None	None	0.88812	-0.04834	-0.06937	-0.45172
 2023-8-14 11:51:38.696	-0.0566	0.0024	1.0464	0.0	0.0	0.0	-1.346	-9.602	-53.8	35.39	-330	296	763	None	None	None	None	0.88812	-0.04834	-0.06937	-0.45172
 2023-8-14 11:51:38.698	-0.0566	0.0024	1.0464	0.0	0.0	0.0	-1.346	-9.602	-53.8	35.39	-330	296	762	None	None	None	None	0.88812	-0.04834	-0.06937	-0.45172
 2023-8-14 11:51:38.698	-0.0566	0.0024	1.0464	0.0	0.0	0.0	-1.346	-9.602	-53.8	35.39	-330	296	762	None	None	None	None	0.88812	-0.04834	-0.06937	-0.45172
 2023-8-14 11:51:38.700	-0.0566	0.0024	1.0464	0.0	0.0	0.0	-1.346	-9.602	-53.806	35.39	-331	296	761	None	None	None	None	0.88812	-0.04834	-0.06937	-0.45172
 2023-8-14 11:51:38.700	-0.0566	0.0024	1.0464	0.0	0.0	0.0	-1.346	-9.602	-53.806	35.39	-331	296	761	None	None	None	None	0.88812	-0.04834	-0.06937	-0.45172
 2023-8-14 11:51:38.702	-0.0566	0.0024	1.0464	0.0	0.0	0.0	-1.346	-9.602	-53.806	35.39	-331	295	761	None	None	None	None	0.88812	-0.04834	-0.06937	-0.45172
 2023-8-14 11:51:38.702	-0.0566	0.0024	1.0464	0.0	0.0	0.0	-1.346	-9.602	-53.806	35.39	-331	295	761	None	None	None	None	0.88812	-0.04834	-0.06937	-0.45172
 2023-8-14 11:51:38.704	-0.0566	0.0024	1.0464	0.0	0.0	0.0	-1.346	-9.602	-53.806	35.39	-330	295	761	None	None	None	None	0.88812	-0.04834	-0.06937	-0.45172
 2023-8-14 11:51:38.704	-0.0566	0.0024	1.0464	0.0	0.0	0.0	-1.346	-9.602	-53.806	35.39	-330	295	761	None	None	None	None	0.88812	-0.04834	-0.06937	-0.45172
 2023-8-14 11:51:38.706	-0.0566	0.0024	1.0464	0.0	0.0	0.0	-1.346	-9.602	-53.806	35.39	-330	294	761	None	None	None	None	0.88812	-0.04834	-0.06937	-0.45172
 2023-8-14 11:51:38.706	-0.0566	0.0024	1.0464	0.0	0.0	0.0	-1.346	-9.602	-53.806	35.39	-330	294	761	None	None	None	None	0.88812	-0.04834	-0.06937	-0.45175
 2023-8-14 11:51:38.708	-0.0566	0.0024	1.0464	0.0	0.0	0.0	-1.346	-9.602	-53.806	35.43	-330	293	761	None	None	None	None	0.88812	-0.04834	-0.06937	-0.45175
 2023-8-14 11:51:38.708	-0.0566	0.0024	1.0464	0.0	0.0	0.0	-1.346	-9.602	-53.806	35.43	-330	293	761	None	None	None	None	0.88809	-0.04834	-0.06937	-0.45175
 2023-8-14 11:51:38.710	-0.0566	0.0024	1.0464	0.0	0.0	0.0	-1.346	-9.602	-53.806	35.43	-330	293	761	None	None	None	None	0.88809	-0.04834	-0.06937	-0.45175
 2023-8-14 11:51:38.710	-0.0566	0.0024	1.0464	0.0	0.0	0.0	-1.346	-9.602	-53.806	35.43	-330	293	761	None	None	None	None	0.88809	-0.04834	-0.06937	-0.45175
 2023-8-14 11:51:38.712	-0.0566	0.0024	1.0464	0.0	0.0	0.0	-1.346	-9.608	-53.811	35.43	-330	292	761	None	None	None	None	0.88809	-0.04834	-0.06937	-0.45175
 2023-8-14 11:51:38.712	-0.0566	0.0024	1.0464	0.0	0.0	0.0	-1.346	-9.608	-53.811	35.43	-330	292	761	None	None	None	None	0.88809	-0.04834	-0.06937	-0.45175
 2023-8-14 11:51:38.714	-0.0566	0.0024	1.0464	0.0	0.0	0.0	-1.346	-9.608	-53.811	35.43	-330	293	761	None	None	None	None	0.88809	-0.04834	-0.06937	-0.45175
 2023-8-14 11:51:38.714	-0.0566	0.0024	1.0464	0.0	0.0	0.0	-1.346	-9.608	-53.811	35.43	-330	293	761	None	None	None	None	0.88809	-0.04834	-0.06937	-0.45178
 2023-8-14 11:51:38.716	-0.0562	0.0024	1.0459	0.0	0.0	0.0	-1.346	-9.608	-53.811	35.43	-329	293	762	None	None	None	None	0.88809	-0.04834	-0.06937	-0.45178
 2023-8-14 11:51:38.716	-0.0562	0.0024	1.0459	0.0	0.0	0.0	-1.346	-9.608	-53.811	35.43	-329	293	762	None	None	None	None	0.88809	-0.04834	-0.06937	-0.45178
 2023-8-14 11:51:38.718	-0.0562	0.0024	1.0459	0.0	0.0	0.0	-1.346	-9.608	-53.811	35.43	-329	293	762	None	None	None	None	0.88809	-0.04834	-0.06937	-0.45178
 2023-8-14 11:51:38.718	-0.0562	0.0024	1.0459	0.0	0.0	0.0	-1.346	-9.608	-53.811	35.43	-329	293	762	None	None	None	None	0.88809	-0.04834	-0.06937	-0.45178
 2023-8-14 11:51:38.720	-0.0562	0.0024	1.0459	0.0	0.0	0.0	-1.346	-9.608	-53.811	35.4	-329	293	763	None	None	None	None	0.88809	-0.04834	-0.06937	-0.45178
 2023-8-14 11:51:38.720	-0.0562	0.0024	1.0459	0.0	0.0	0.0	-1.346	-9.608	-53.811	35.4	-329	293	763	None	None	None	None	0.88809	-0.04834	-0.06937	-0.45178
 2023-8-14 11:51:38.722	-0.0562	0.0024	1.0459	0.0	0.0	0.0	-1.346	-9.608	-53.811	35.4	-329	293	763	None	None	None	None	0.88809	-0.04834	-0.06937	-0.45178
 2023-8-14 11:51:38.722	-0.0562	0.0024	1.0459	0.0	0.0	0.0	-1.346	-9.608	-53.811	35.4	-329	293	763	None	None	None	None	0.88809	-0.04834	-0.06937	-0.45178
 2023-8-14 11:51:38.724	-0.0562	0.0024	1.0459	0.0	0.0	0.0	-1.346	-9.608	-53.811	35.4	-329	293	763	None	None	None	None	0.88809	-0.04834	-0.06937	-0.45178
 2023-8-14 11:51:38.724	-0.0562	0.0024	1.0459	0.0	0.0	0.0	-1.346	-9.608	-53.811	35.4	-329	293	763	None	None	None	None	0.88809	-0.04831	-0.06937	-0.45181
 2023-8-14 11:51:38.726	-0.0562	0.0024	1.0459	0.0	0.0	0.0	-1.346	-9.608	-53.817	35.4	-329	294	763	None	None	None	None	0.88809	-0.04831	-0.06937	-0.45181
 2023-8-14 11:51:38.726	-0.0562	0.0024	1.0459	0.0	0.0	0.0	-1.346	-9.608	-53.817	35.4	-329	294	763	None	None	None	None	0.88806	-0.04831	-0.06937	-0.45181
 2023-8-14 11:51:38.728	-0.0562	0.0024	1.0459	0.0	0.0	0.0	-1.346	-9.608	-53.817	35.4	-329	295	762	None	None	None	None	0.88806	-0.04831	-0.06937	-0.45181
 2023-8-14 11:51:38.728	-0.0562	0.0024	1.0459	0.0	0.0	0.0	-1.346	-9.608	-53.817	35.4	-329	295	762	None	None	None	None	0.88806	-0.04831	-0.06937	-0.45181
 2023-8-14 11:51:38.730	-0.0562	0.0024	1.0459	0.0	0.0	0.0	-1.346	-9.608	-53.817	35.43	-329	296	762	None	None	None	None	0.88806	-0.04831	-0.06937	-0.45181
 2023-8-14 11:51:38.730	-0.0562	0.0024	1.0459	0.0	0.0	0.0	-1.346	-9.608	-53.817	35.43	-329	296	762	None	None	None	None	0.88806	-0.04831	-0.06937	-0.45181
 2023-8-14 11:51:38.732	-0.0562	0.0024	1.0459	0.0	0.0	0.0	-1.346	-9.608	-53.817	35.43	-329	297	762	None	None	None	None	0.88806	-0.04831	-0.06937	-0.45181
 2023-8-14 11:51:38.732	-0.0562	0.0024	1.0459	0.0	0.0	0.0	-1.346	-9.608	-53.817	35.43	-329	297	762	None	None	None	None	0.88806	-0.04831	-0.06937	-0.45181
 2023-8-14 11:51:38.734	-0.0562	0.0024	1.0459	0.0	0.0	0.0	-1.346	-9.608	-53.817	35.43	-329	297	761	None	None	None	None	0.88806	-0.04831	-0.06937	-0.45181
 2023-8-14 11:51:38.734	-0.0562	0.0024	1.0459	0.0	0.0	0.0	-1.346	-9.608	-53.817	35.43	-329	297	761	None	None	None	None	0.88806	-0.04831	-0.06937	-0.45181
 2023-8-14 11:51:38.736	-0.0562	0.0024	1.0459	0.0	0.0	0.0	-1.346	-9.608	-53.817	35.43	-330	298	761	None	None	None	None	0.88806	-0.04831	-0.06937	-0.45181
 2023-8-14 11:51:38.736	-0.0562	0.0024	1.0459	0.0	0.0	0.0	-1.346	-9.608	-53.817	35.43	-330	298	761	None	None	None	None	0.88806	-0.04831	-0.06937	-0.45181
 2023-8-14 11:51:38.738	-0.0562	0.0024	1.0459	0.0	0.0	0.0	-1.346	-9.608	-53.817	35.43	-330	298	761	None	None	None	None	0.88806	-0.04831	-0.06937	-0.45181
 2023-8-14 11:51:38.738	-0.0562	0.0024	1.0459	0.0	0.0	0.0	-1.346	-9.608	-53.817	35.43	-330	298	761	None	None	None	None	0.88806	-0.04831	-0.06937	-0.45184
 2023-8-14 11:51:38.740	-0.0562	0.0024	1.0459	0.0	0.0	0.0	-1.346	-9.608	-53.817	35.43	-330	298	761	None	None	None	None	0.88806	-0.04831	-0.06937	-0.45184
 2023-8-14 11:51:38.740	-0.0562	0.0024	1.0459	0.0	0.0	0.0	-1.346	-9.608	-53.817	35.43	-330	298	761	None	None	None	None	0.88806	-0.04831	-0.06937	-0.45184
 2023-8-14 11:51:38.742	-0.0562	0.0024	1.0459	0.0	0.0	0.0	-1.346	-9.608	-53.817	35.42	-330	297	761	None	None	None	None	0.88806	-0.04831	-0.06937	-0.45184
 2023-8-14 11:51:38.742	-0.0562	0.0024	1.0459	0.0	0.0	0.0	-1.346	-9.608	-53.817	35.42	-330	297	761	None	None	None	None	0.88806	-0.04831	-0.06937	-0.45184
 2023-8-14 11:51:38.744	-0.0562	0.0024	1.0459	0.0	0.0	0.0	-1.34	-9.608	-53.817	35.42	-331	297	761	None	None	None	None	0.88806	-0.04831	-0.06937	-0.45184
 2023-8-14 11:51:38.744	-0.0562	0.0024	1.0459	0.0	0.0	0.0	-1.34	-9.608	-53.817	35.42	-331	297	761	None	None	None	None	0.88806	-0.04831	-0.06937	-0.45184
 2023-8-14 11:51:38.746	-0.0562	0.0024	1.0459	0.0	0.0	0.0	-1.34	-9.608	-53.817	35.42	-331	297	761	None	None	None	None	0.88806	-0.04831	-0.06937	-0.45184
 2023-8-14 11:51:38.746	-0.0562	0.0024	1.0459	0.0	0.0	0.0	-1.34	-9.608	-53.817	35.42	-331	297	761	None	None	None	None	0.88806	-0.04831	-0.06937	-0.45184
 2023-8-14 11:51:38.748	-0.0562	0.0024	1.0459	0.0	0.0	0.0	-1.34	-9.608	-53.822	35.42	-331	296	761	None	None	None	None	0.88806	-0.04831	-0.06937	-0.45184
 2023-8-14 11:51:38.748	-0.0562	0.0024	1.0459	0.0	0.0	0.0	-1.34	-9.608	-53.822	35.42	-331	296	761	None	None	None	None	0.88806	-0.04831	-0.06937	-0.45184
 2023-8-14 11:51:38.750	-0.0562	0.0024	1.0459	0.0	0.0	0.0	-1.34	-9.608	-53.822	35.42	-331	296	762	None	None	None	None	0.88806	-0.04831	-0.06937	-0.45184
 2023-8-14 11:51:38.750	-0.0562	0.0024	1.0459	0.0	0.0	0.0	-1.34	-9.608	-53.822	35.42	-331	296	762	None	None	None	None	0.88806	-0.04831	-0.06937	-0.45184
 2023-8-14 11:51:38.752	-0.0562	0.0024	1.0459	0.0	0.0	0.0	-1.34	-9.608	-53.822	35.42	-332	295	762	None	None	None	None	0.88806	-0.04831	-0.06937	-0.45184
 2023-8-14 11:51:38.752	-0.0562	0.0024	1.0459	0.0	0.0	0.0	-1.34	-9.608	-53.822	35.42	-332	295	762	None	None	None	None	0.88806	-0.04831	-0.06937	-0.45187
 2023-8-14 11:51:38.754	-0.0562	0.0024	1.0459	0.0	0.0	0.0	-1.34	-9.608	-53.822	35.46	-332	294	762	None	None	None	None	0.88806	-0.04831	-0.06937	-0.45187
 2023-8-14 11:51:38.754	-0.0562	0.0024	1.0459	0.0	0.0	0.0	-1.34	-9.608	-53.822	35.46	-332	294	762	None	None	None	None	0.88803	-0.04831	-0.06937	-0.45187
 2023-8-14 11:51:38.756	-0.0566	0.0029	1.0459	0.0	0.0	0.0	-1.34	-9.608	-53.822	35.46	-332	293	762	None	None	None	None	0.88803	-0.04831	-0.06937	-0.45187
 2023-8-14 11:51:38.756	-0.0566	0.0029	1.0459	0.0	0.0	0.0	-1.34	-9.608	-53.822	35.46	-332	293	762	None	None	None	None	0.88803	-0.04831	-0.06937	-0.45187
 2023-8-14 11:51:38.758	-0.0566	0.0029	1.0459	0.0	0.0	0.0	-1.34	-9.608	-53.828	35.46	-332	293	762	None	None	None	None	0.88803	-0.04831	-0.06937	-0.45187
 2023-8-14 11:51:38.758	-0.0566	0.0029	1.0459	0.0	0.0	0.0	-1.34	-9.608	-53.828	35.46	-332	293	762	None	None	None	None	0.88803	-0.04831	-0.06937	-0.4519
 2023-8-14 11:51:38.760	-0.0566	0.0029	1.0459	0.0	0.0	0.0	-1.34	-9.608	-53.828	35.46	-332	292	762	None	None	None	None	0.88803	-0.04831	-0.06937	-0.4519
 2023-8-14 11:51:38.760	-0.0566	0.0029	1.0459	0.0	0.0	0.0	-1.34	-9.608	-53.828	35.46	-332	292	762	None	None	None	None	0.88803	-0.04831	-0.06937	-0.4519
 2023-8-14 11:51:38.762	-0.0566	0.0029	1.0459	0.0	0.0	0.0	-1.34	-9.608	-53.828	35.46	-332	292	762	None	None	None	None	0.88803	-0.04831	-0.06937	-0.4519
 2023-8-14 11:51:38.762	-0.0566	0.0029	1.0459	0.0	0.0	0.0	-1.34	-9.608	-53.828	35.46	-332	292	762	None	None	None	None	0.88803	-0.04831	-0.06937	-0.4519
 2023-8-14 11:51:38.764	-0.0566	0.0029	1.0459	0.0	0.0	0.0	-1.34	-9.608	-53.828	35.43	-332	292	763	None	None	None	None	0.88803	-0.04831	-0.06937	-0.4519
 2023-8-14 11:51:38.764	-0.0566	0.0029	1.0459	0.0	0.0	0.0	-1.34	-9.608	-53.828	35.43	-332	292	763	None	None	None	None	0.88803	-0.04831	-0.06937	-0.4519
 2023-8-14 11:51:38.766	-0.0566	0.0029	1.0459	0.0	0.0	0.0	-1.34	-9.608	-53.828	35.43	-332	293	764	None	None	None	None	0.88803	-0.04831	-0.06937	-0.4519
 2023-8-14 11:51:38.766	-0.0566	0.0029	1.0459	0.0	0.0	0.0	-1.34	-9.608	-53.828	35.43	-332	293	764	None	None	None	None	0.888	-0.04831	-0.06937	-0.45193
 2023-8-14 11:51:38.768	-0.0566	0.0029	1.0459	0.0	0.0	0.0	-1.34	-9.608	-53.833	35.43	-332	293	764	None	None	None	None	0.888	-0.04831	-0.06937	-0.45193
 2023-8-14 11:51:38.768	-0.0566	0.0029	1.0459	0.0	0.0	0.0	-1.34	-9.608	-53.833	35.43	-332	293	764	None	None	None	None	0.888	-0.04831	-0.06937	-0.45193
 2023-8-14 11:51:38.770	-0.0566	0.0029	1.0459	0.0	0.0	0.0	-1.34	-9.608	-53.833	35.43	-332	294	765	None	None	None	None	0.888	-0.04831	-0.06937	-0.45193
 2023-8-14 11:51:38.770	-0.0566	0.0029	1.0459	0.0	0.0	0.0	-1.34	-9.608	-53.833	35.43	-332	294	765	None	None	None	None	0.888	-0.04831	-0.06937	-0.45193
 2023-8-14 11:51:38.772	-0.0566	0.0029	1.0459	0.0	0.0	0.0	-1.34	-9.608	-53.833	35.43	-332	294	765	None	None	None	None	0.888	-0.04831	-0.06937	-0.45193
 2023-8-14 11:51:38.772	-0.0566	0.0029	1.0459	0.0	0.0	0.0	-1.34	-9.608	-53.833	35.43	-332	294	765	None	None	None	None	0.888	-0.04831	-0.06937	-0.45197
 2023-8-14 11:51:38.774	-0.0566	0.0029	1.0459	0.0	0.0	0.0	-1.34	-9.608	-53.833	35.43	-332	295	766	None	None	None	None	0.888	-0.04831	-0.06937	-0.45197
 2023-8-14 11:51:38.774	-0.0566	0.0029	1.0459	0.0	0.0	0.0	-1.34	-9.608	-53.833	35.43	-332	295	766	None	None	None	None	0.888	-0.04831	-0.06937	-0.45197
 2023-8-14 11:51:38.776	-0.0566	0.0029	1.0459	0.0	0.0	0.0	-1.34	-9.608	-53.833	35.37	-332	295	765	None	None	None	None	0.888	-0.04831	-0.06937	-0.45197
 2023-8-14 11:51:38.776	-0.0566	0.0029	1.0459	0.0	0.0	0.0	-1.34	-9.608	-53.833	35.37	-332	295	765	None	None	None	None	0.888	-0.04831	-0.06937	-0.45197
 2023-8-14 11:51:38.778	-0.0566	0.0029	1.0459	0.0	0.0	0.0	-1.34	-9.608	-53.839	35.37	-332	295	765	None	None	None	None	0.888	-0.04831	-0.06937	-0.45197
 2023-8-14 11:51:38.778	-0.0566	0.0029	1.0459	0.0	0.0	0.0	-1.34	-9.608	-53.839	35.37	-332	295	765	None	None	None	None	0.888	-0.04831	-0.06937	-0.45197
 2023-8-14 11:51:38.780	-0.0566	0.0029	1.0459	0.0	0.0	0.0	-1.34	-9.608	-53.839	35.37	-332	296	764	None	None	None	None	0.888	-0.04831	-0.06937	-0.45197
 2023-8-14 11:51:38.780	-0.0566	0.0029	1.0459	0.0	0.0	0.0	-1.34	-9.608	-53.839	35.37	-332	296	764	None	None	None	None	0.888	-0.04831	-0.06937	-0.45197
 2023-8-14 11:51:38.782	-0.0566	0.0029	1.0459	0.0	0.0	0.0	-1.34	-9.608	-53.839	35.37	-333	296	764	None	None	None	None	0.888	-0.04831	-0.06937	-0.45197
 2023-8-14 11:51:38.782	-0.0566	0.0029	1.0459	0.0	0.0	0.0	-1.34	-9.608	-53.839	35.37	-333	296	764	None	None	None	None	0.88797	-0.04831	-0.06937	-0.452
 2023-8-14 11:51:38.784	-0.0566	0.0029	1.0459	0.0	0.0	0.0	-1.34	-9.608	-53.839	35.37	-333	296	764	None	None	None	None	0.88797	-0.04831	-0.06937	-0.452
 2023-8-14 11:51:38.784	-0.0566	0.0029	1.0459	0.0	0.0	0.0	-1.34	-9.608	-53.839	35.37	-333	296	764	None	None	None	None	0.88797	-0.04831	-0.06937	-0.452
 2023-8-14 11:51:38.786	-0.0566	0.0029	1.0459	0.0	0.0	0.0	-1.34	-9.608	-53.839	35.37	-333	296	763	None	None	None	None	0.88797	-0.04831	-0.06937	-0.452
 2023-8-14 11:51:38.786	-0.0566	0.0029	1.0459	0.0	0.0	0.0	-1.34	-9.608	-53.839	35.37	-333	296	763	None	None	None	None	0.88797	-0.04831	-0.06937	-0.452
 2023-8-14 11:51:38.788	-0.0566	0.0029	1.0459	0.0	0.0	0.0	-1.34	-9.608	-53.839	35.44	-333	296	763	None	None	None	None	0.88797	-0.04831	-0.06937	-0.452
 2023-8-14 11:51:38.788	-0.0566	0.0029	1.0459	0.0	0.0	0.0	-1.34	-9.608	-53.839	35.44	-333	296	763	None	None	None	None	0.88797	-0.04831	-0.06937	-0.452
 2023-8-14 11:51:38.790	-0.0566	0.0029	1.0459	0.0	0.0	0.0	-1.34	-9.608	-53.844	35.44	-333	297	764	None	None	None	None	0.88797	-0.04831	-0.06937	-0.452
 2023-8-14 11:51:38.790	-0.0566	0.0029	1.0459	0.0	0.0	0.0	-1.34	-9.608	-53.844	35.44	-333	297	764	None	None	None	None	0.88797	-0.04831	-0.06937	-0.45203
 2023-8-14 11:51:38.792	-0.0566	0.0029	1.0459	0.0	0.0	0.0	-1.335	-9.608	-53.844	35.44	-333	297	765	None	None	None	None	0.88797	-0.04831	-0.06937	-0.45203
 2023-8-14 11:51:38.792	-0.0566	0.0029	1.0459	0.0	0.0	0.0	-1.335	-9.608	-53.844	35.44	-333	297	765	None	None	None	None	0.88797	-0.04828	-0.06937	-0.45203
 2023-8-14 11:51:38.794	-0.0566	0.0029	1.0459	0.0	0.0	0.0	-1.335	-9.608	-53.844	35.44	-333	298	765	None	None	None	None	0.88797	-0.04828	-0.06937	-0.45203
 2023-8-14 11:51:38.794	-0.0566	0.0029	1.0459	0.0	0.0	0.0	-1.335	-9.608	-53.844	35.44	-333	298	765	None	None	None	None	0.88797	-0.04828	-0.06937	-0.45203
 2023-8-14 11:51:38.796	-0.0566	0.0034	1.0459	0.0	0.0	0.0	-1.335	-9.608	-53.844	35.44	-333	298	766	None	None	None	None	0.88797	-0.04828	-0.06937	-0.45203
 2023-8-14 11:51:38.796	-0.0566	0.0034	1.0459	0.0	0.0	0.0	-1.335	-9.608	-53.844	35.44	-333	298	766	None	None	None	None	0.88797	-0.04828	-0.06937	-0.45203
 2023-8-14 11:51:38.798	-0.0566	0.0034	1.0459	0.0	0.0	0.0	-1.335	-9.608	-53.844	35.44	-333	298	767	None	None	None	None	0.88797	-0.04828	-0.06937	-0.45203
 2023-8-14 11:51:38.798	-0.0566	0.0034	1.0459	0.0	0.0	0.0	-1.335	-9.608	-53.844	35.44	-333	298	767	None	None	None	None	0.88797	-0.04828	-0.06937	-0.45203
 2023-8-14 11:51:38.800	-0.0566	0.0034	1.0459	0.0	0.0	0.0	-1.335	-9.608	-53.844	35.45	-333	299	767	None	None	None	None	0.88797	-0.04828	-0.06937	-0.45203
 2023-8-14 11:51:38.800	-0.0566	0.0034	1.0459	0.0	0.0	0.0	-1.335	-9.608	-53.844	35.45	-333	299	767	None	None	None	None	0.88797	-0.04828	-0.06937	-0.45203
 2023-8-14 11:51:38.802	-0.0566	0.0034	1.0459	0.0	0.0	0.0	-1.335	-9.608	-53.844	35.45	-332	299	769	None	None	None	None	0.88797	-0.04828	-0.06937	-0.45203
 2023-8-14 11:51:38.802	-0.0566	0.0034	1.0459	0.0	0.0	0.0	-1.335	-9.608	-53.844	35.45	-332	299	769	None	None	None	None	0.88797	-0.04828	-0.06937	-0.45206
 2023-8-14 11:51:38.804	-0.0566	0.0034	1.0459	0.0	0.0	0.0	-1.335	-9.608	-53.844	35.45	-332	298	770	None	None	None	None	0.88797	-0.04828	-0.06937	-0.45206
 2023-8-14 11:51:38.804	-0.0566	0.0034	1.0459	0.0	0.0	0.0	-1.335	-9.608	-53.844	35.45	-332	298	770	None	None	None	None	0.88794	-0.04828	-0.06937	-0.45206
 2023-8-14 11:51:38.806	-0.0566	0.0034	1.0459	0.0	0.0	0.0	-1.335	-9.608	-53.844	35.45	-332	298	771	None	None	None	None	0.88794	-0.04828	-0.06937	-0.45206
 2023-8-14 11:51:38.806	-0.0566	0.0034	1.0459	0.0	0.0	0.0	-1.335	-9.608	-53.844	35.45	-332	298	771	None	None	None	None	0.88794	-0.04828	-0.06937	-0.45206
